From Id	To Id	Tx	Meta
1	2	0.238141	 UDP 520 > 520
3	2	0.238141	 UDP 520 > 520
0	1	0.894399	 UDP 520 > 520
1	0	0.895403	 UDP 520 > 520
3	2	0.895589	 UDP 520 > 520
3	4	0.895589	 UDP 520 > 520
2	3	0.896593	 UDP 520 > 520
4	3	0.896593	 UDP 520 > 520
4	3	0.912096	 UDP 520 > 520
3	4	0.9131	 UDP 520 > 520
1	0	0.922566	 UDP 520 > 520
1	2	0.922566	 UDP 520 > 520
0	1	0.92357	 UDP 520 > 520
2	1	0.92357	 UDP 520 > 520
2	1	38.3683	 UDP 520 > 520
2	3	38.3683	 UDP 520 > 520
3	2	40.774	 UDP 520 > 520
3	4	40.774	 UDP 520 > 520
1	0	41.3387	 UDP 520 > 520
1	2	41.3387	 UDP 520 > 520
1	0	41.3937	 UDP 520 > 520
1	2	41.3937	 UDP 520 > 520
4	3	42.4454	 UDP 520 > 520
3	2	43.739	 UDP 520 > 520
3	4	43.739	 UDP 520 > 520
0	1	43.8606	 UDP 520 > 520
2	1	45.5289	 UDP 520 > 520
2	3	45.5289	 UDP 520 > 520
3	2	46.8117	 UDP 520 > 520
3	4	46.8117	 UDP 520 > 520
1	0	49.2514	 UDP 520 > 520
1	2	49.2514	 UDP 520 > 520
0	1	50	 UDP 49153 > 9
1	2	50.001	 UDP 49153 > 9
2	3	50.002	 UDP 49153 > 9
3	4	50.003	 UDP 49153 > 9
4	3	50.004	 UDP 9 > 49153
3	2	50.0051	 UDP 9 > 49153
2	1	50.0061	 UDP 9 > 49153
1	0	50.0071	 UDP 9 > 49153
0	1	51	 UDP 49153 > 9
1	2	51.001	 UDP 49153 > 9
2	3	51.002	 UDP 49153 > 9
3	4	51.003	 UDP 49153 > 9
4	3	51.004	 UDP 9 > 49153
3	2	51.0051	 UDP 9 > 49153
2	1	51.0061	 UDP 9 > 49153
1	0	51.0071	 UDP 9 > 49153
4	3	51.0987	 UDP 520 > 520
0	1	52	 UDP 49153 > 9
1	2	52.001	 UDP 49153 > 9
2	3	52.002	 UDP 49153 > 9
3	4	52.003	 UDP 49153 > 9
4	3	52.004	 UDP 9 > 49153
3	2	52.0051	 UDP 9 > 49153
2	1	52.0061	 UDP 9 > 49153
1	0	52.0071	 UDP 9 > 49153
0	1	53	 UDP 49153 > 9
1	2	53.001	 UDP 49153 > 9
2	3	53.002	 UDP 49153 > 9
3	4	53.003	 UDP 49153 > 9
4	3	53.004	 UDP 9 > 49153
3	2	53.0051	 UDP 9 > 49153
2	1	53.0061	 UDP 9 > 49153
1	0	53.0071	 UDP 9 > 49153
0	1	54	 UDP 49153 > 9
1	2	54.001	 UDP 49153 > 9
2	3	54.002	 UDP 49153 > 9
3	4	54.003	 UDP 49153 > 9
4	3	54.004	 UDP 9 > 49153
3	2	54.0051	 UDP 9 > 49153
2	1	54.0061	 UDP 9 > 49153
1	0	54.0071	 UDP 9 > 49153
0	1	54.1469	 UDP 520 > 520
0	1	55	 UDP 49153 > 9
0	1	56	 UDP 49153 > 9
0	1	57	 UDP 49153 > 9
0	1	58	 UDP 49153 > 9
0	1	59	 UDP 49153 > 9
1	2	59.9338	 UDP 520 > 520
0	1	60	 UDP 49153 > 9
0	1	61	 UDP 49153 > 9
0	1	62	 UDP 49153 > 9
0	1	63	 UDP 49153 > 9
0	1	64	 UDP 49153 > 9
2	1	64.6145	 UDP 520 > 520
2	3	64.6145	 UDP 520 > 520
0	1	65	 UDP 49153 > 9
3	2	65.9251	 UDP 520 > 520
3	4	65.9251	 UDP 520 > 520
0	1	66	 UDP 49153 > 9
0	1	67	 UDP 49153 > 9
4	3	67.274	 UDP 520 > 520
0	1	68	 UDP 49153 > 9
4	3	68.1915	 UDP 520 > 520
0	1	69	 UDP 49153 > 9
0	1	69.459	 UDP 520 > 520
0	1	70	 UDP 49153 > 9
0	1	71	 UDP 49153 > 9
0	1	72	 UDP 49153 > 9
2	1	72.6991	 UDP 520 > 520
2	3	72.6991	 UDP 520 > 520
0	1	73	 UDP 49153 > 9
0	1	74	 UDP 49153 > 9
0	1	75	 UDP 49153 > 9
3	2	75.8974	 UDP 520 > 520
3	4	75.8974	 UDP 520 > 520
0	1	76	 UDP 49153 > 9
0	1	77	 UDP 49153 > 9
0	1	78	 UDP 49153 > 9
0	1	79	 UDP 49153 > 9
0	1	80	 UDP 49153 > 9
0	1	81	 UDP 49153 > 9
0	1	82	 UDP 49153 > 9
0	1	83	 UDP 49153 > 9
1	2	83.528	 UDP 520 > 520
0	1	84	 UDP 49153 > 9
0	1	85	 UDP 49153 > 9
0	1	86	 UDP 49153 > 9
0	1	87	 UDP 49153 > 9
0	1	88	 UDP 49153 > 9
0	1	89	 UDP 49153 > 9
0	1	90	 UDP 49153 > 9
0	1	91	 UDP 49153 > 9
0	1	92	 UDP 49153 > 9
0	1	93	 UDP 49153 > 9
0	1	94	 UDP 49153 > 9
0	1	95	 UDP 49153 > 9
0	1	96	 UDP 49153 > 9
0	1	97	 UDP 49153 > 9
0	1	98	 UDP 49153 > 9
0	1	99	 UDP 49153 > 9
0	1	100	 UDP 49153 > 9
0	1	101	 UDP 49153 > 9
0	1	102	 UDP 49153 > 9
4	3	102.006	 UDP 520 > 520
0	1	103	 UDP 49153 > 9
0	1	104	 UDP 49153 > 9
0	1	105	 UDP 49153 > 9
0	1	106	 UDP 49153 > 9
0	1	107	 UDP 49153 > 9
0	1	108	 UDP 49153 > 9
0	1	109	 UDP 49153 > 9
2	1	109.234	 UDP 520 > 520
2	3	109.234	 UDP 520 > 520
0	1	110	 UDP 49153 > 9
1	2	110.001	 UDP 49153 > 9
2	3	110.002	 UDP 49153 > 9
3	4	110.003	 UDP 49153 > 9
0	1	110.169	 UDP 520 > 520
0	1	111	 UDP 49153 > 9
1	2	111.001	 UDP 49153 > 9
2	3	111.002	 UDP 49153 > 9
3	4	111.003	 UDP 49153 > 9
1	2	111.499	 UDP 520 > 520
0	1	112	 UDP 49153 > 9
1	2	112.001	 UDP 49153 > 9
2	3	112.002	 UDP 49153 > 9
3	4	112.003	 UDP 49153 > 9
3	2	112.902	 UDP 520 > 520
3	4	112.902	 UDP 520 > 520
0	1	113	 UDP 49153 > 9
1	2	113.001	 UDP 49153 > 9
2	3	113.002	 UDP 49153 > 9
3	4	113.003	 UDP 49153 > 9
0	1	114	 UDP 49153 > 9
1	2	114.001	 UDP 49153 > 9
2	3	114.002	 UDP 49153 > 9
3	4	114.003	 UDP 49153 > 9
0	1	115	 UDP 49153 > 9
1	2	115.001	 UDP 49153 > 9
2	3	115.002	 UDP 49153 > 9
3	4	115.003	 UDP 49153 > 9
0	1	116	 UDP 49153 > 9
1	2	116.001	 UDP 49153 > 9
2	3	116.002	 UDP 49153 > 9
3	4	116.003	 UDP 49153 > 9
2	1	116.165	 UDP 520 > 520
2	3	116.165	 UDP 520 > 520
0	1	117	 UDP 49153 > 9
1	2	117.001	 UDP 49153 > 9
2	3	117.002	 UDP 49153 > 9
3	4	117.003	 UDP 49153 > 9
3	2	117.804	 UDP 520 > 520
3	4	117.804	 UDP 520 > 520
0	1	118	 UDP 49153 > 9
1	2	118.001	 UDP 49153 > 9
2	3	118.002	 UDP 49153 > 9
3	4	118.003	 UDP 49153 > 9
4	3	118.004	 UDP 9 > 49153
3	2	118.005	 UDP 9 > 49153
2	1	118.006	 UDP 9 > 49153
1	0	118.007	 UDP 9 > 49153
0	1	119	 UDP 49153 > 9
1	2	119.001	 UDP 49153 > 9
2	3	119.002	 UDP 49153 > 9
3	4	119.003	 UDP 49153 > 9
4	3	119.004	 UDP 9 > 49153
3	2	119.005	 UDP 9 > 49153
2	1	119.006	 UDP 9 > 49153
1	0	119.007	 UDP 9 > 49153
0	1	120	 UDP 49153 > 9
1	2	120.001	 UDP 49153 > 9
2	3	120.002	 UDP 49153 > 9
3	4	120.003	 UDP 49153 > 9
4	3	120.004	 UDP 9 > 49153
3	2	120.005	 UDP 9 > 49153
2	1	120.006	 UDP 9 > 49153
1	0	120.007	 UDP 9 > 49153
4	3	120.579	 UDP 520 > 520
0	1	121	 UDP 49153 > 9
1	2	121.001	 UDP 49153 > 9
2	3	121.002	 UDP 49153 > 9
3	4	121.003	 UDP 49153 > 9
4	3	121.004	 UDP 9 > 49153
3	2	121.005	 UDP 9 > 49153
2	1	121.006	 UDP 9 > 49153
1	0	121.007	 UDP 9 > 49153
0	1	122	 UDP 49153 > 9
1	2	122.001	 UDP 49153 > 9
2	3	122.002	 UDP 49153 > 9
3	4	122.003	 UDP 49153 > 9
4	3	122.004	 UDP 9 > 49153
3	2	122.005	 UDP 9 > 49153
2	1	122.006	 UDP 9 > 49153
1	0	122.007	 UDP 9 > 49153
0	1	123	 UDP 49153 > 9
1	2	123.001	 UDP 49153 > 9
2	3	123.002	 UDP 49153 > 9
3	4	123.003	 UDP 49153 > 9
4	3	123.004	 UDP 9 > 49153
3	2	123.005	 UDP 9 > 49153
2	1	123.006	 UDP 9 > 49153
1	0	123.007	 UDP 9 > 49153
0	1	124	 UDP 49153 > 9
1	2	124.001	 UDP 49153 > 9
2	3	124.002	 UDP 49153 > 9
3	4	124.003	 UDP 49153 > 9
4	3	124.004	 UDP 9 > 49153
3	2	124.005	 UDP 9 > 49153
2	1	124.006	 UDP 9 > 49153
1	0	124.007	 UDP 9 > 49153
0	1	125	 UDP 49153 > 9
1	2	125.001	 UDP 49153 > 9
2	3	125.002	 UDP 49153 > 9
3	4	125.003	 UDP 49153 > 9
4	3	125.004	 UDP 9 > 49153
3	2	125.005	 UDP 9 > 49153
2	1	125.006	 UDP 9 > 49153
1	0	125.007	 UDP 9 > 49153
0	1	126	 UDP 49153 > 9
1	2	126.001	 UDP 49153 > 9
2	3	126.002	 UDP 49153 > 9
3	4	126.003	 UDP 49153 > 9
4	3	126.004	 UDP 9 > 49153
3	2	126.005	 UDP 9 > 49153
2	1	126.006	 UDP 9 > 49153
1	0	126.007	 UDP 9 > 49153
0	1	127	 UDP 49153 > 9
1	2	127.001	 UDP 49153 > 9
2	3	127.002	 UDP 49153 > 9
3	4	127.003	 UDP 49153 > 9
4	3	127.004	 UDP 9 > 49153
3	2	127.005	 UDP 9 > 49153
2	1	127.006	 UDP 9 > 49153
1	0	127.007	 UDP 9 > 49153
0	1	128	 UDP 49153 > 9
1	2	128.001	 UDP 49153 > 9
2	3	128.002	 UDP 49153 > 9
3	4	128.003	 UDP 49153 > 9
4	3	128.004	 UDP 9 > 49153
3	2	128.005	 UDP 9 > 49153
2	1	128.006	 UDP 9 > 49153
1	0	128.007	 UDP 9 > 49153
1	2	128.3	 UDP 520 > 520
1	0	128.3	 UDP 520 > 520
0	1	129	 UDP 49153 > 9
1	2	129.001	 UDP 49153 > 9
2	3	129.002	 UDP 49153 > 9
3	4	129.003	 UDP 49153 > 9
4	3	129.004	 UDP 9 > 49153
3	2	129.005	 UDP 9 > 49153
2	1	129.006	 UDP 9 > 49153
1	0	129.007	 UDP 9 > 49153
0	1	130	 UDP 49153 > 9
1	2	130.001	 UDP 49153 > 9
2	3	130.002	 UDP 49153 > 9
3	4	130.003	 UDP 49153 > 9
4	3	130.004	 UDP 9 > 49153
3	2	130.005	 UDP 9 > 49153
2	1	130.006	 UDP 9 > 49153
1	0	130.007	 UDP 9 > 49153
0	1	131	 UDP 49153 > 9
1	2	131.001	 UDP 49153 > 9
2	3	131.002	 UDP 49153 > 9
3	4	131.003	 UDP 49153 > 9
4	3	131.004	 UDP 9 > 49153
3	2	131.005	 UDP 9 > 49153
2	1	131.006	 UDP 9 > 49153
1	0	131.007	 UDP 9 > 49153
0	1	132	 UDP 49153 > 9
1	2	132.001	 UDP 49153 > 9
2	3	132.002	 UDP 49153 > 9
3	4	132.003	 UDP 49153 > 9
4	3	132.004	 UDP 9 > 49153
3	2	132.005	 UDP 9 > 49153
2	1	132.006	 UDP 9 > 49153
1	0	132.007	 UDP 9 > 49153
0	1	133	 UDP 49153 > 9
1	2	133.001	 UDP 49153 > 9
2	3	133.002	 UDP 49153 > 9
3	4	133.003	 UDP 49153 > 9
4	3	133.004	 UDP 9 > 49153
3	2	133.005	 UDP 9 > 49153
2	1	133.006	 UDP 9 > 49153
1	0	133.007	 UDP 9 > 49153
2	1	133.142	 UDP 520 > 520
2	3	133.142	 UDP 520 > 520
0	1	134	 UDP 49153 > 9
1	2	134.001	 UDP 49153 > 9
2	3	134.002	 UDP 49153 > 9
3	4	134.003	 UDP 49153 > 9
4	3	134.004	 UDP 9 > 49153
3	2	134.005	 UDP 9 > 49153
2	1	134.006	 UDP 9 > 49153
1	0	134.007	 UDP 9 > 49153
0	1	135	 UDP 49153 > 9
1	2	135.001	 UDP 49153 > 9
2	3	135.002	 UDP 49153 > 9
3	4	135.003	 UDP 49153 > 9
4	3	135.004	 UDP 9 > 49153
3	2	135.005	 UDP 9 > 49153
2	1	135.006	 UDP 9 > 49153
1	0	135.007	 UDP 9 > 49153
0	1	136	 UDP 49153 > 9
1	2	136.001	 UDP 49153 > 9
2	3	136.002	 UDP 49153 > 9
3	4	136.003	 UDP 49153 > 9
4	3	136.004	 UDP 9 > 49153
3	2	136.005	 UDP 9 > 49153
2	1	136.006	 UDP 9 > 49153
1	0	136.007	 UDP 9 > 49153
0	1	137	 UDP 49153 > 9
1	2	137.001	 UDP 49153 > 9
2	3	137.002	 UDP 49153 > 9
3	4	137.003	 UDP 49153 > 9
4	3	137.004	 UDP 9 > 49153
3	2	137.005	 UDP 9 > 49153
2	1	137.006	 UDP 9 > 49153
1	0	137.007	 UDP 9 > 49153
4	3	137.3	 UDP 520 > 520
0	1	138	 UDP 49153 > 9
1	2	138.001	 UDP 49153 > 9
2	3	138.002	 UDP 49153 > 9
3	4	138.003	 UDP 49153 > 9
4	3	138.004	 UDP 9 > 49153
3	2	138.005	 UDP 9 > 49153
2	1	138.006	 UDP 9 > 49153
1	0	138.007	 UDP 9 > 49153
0	1	139	 UDP 49153 > 9
1	2	139.001	 UDP 49153 > 9
2	3	139.002	 UDP 49153 > 9
3	4	139.003	 UDP 49153 > 9
4	3	139.004	 UDP 9 > 49153
3	2	139.005	 UDP 9 > 49153
2	1	139.006	 UDP 9 > 49153
1	0	139.007	 UDP 9 > 49153
0	1	140	 UDP 49153 > 9
1	2	140.001	 UDP 49153 > 9
2	3	140.002	 UDP 49153 > 9
3	4	140.003	 UDP 49153 > 9
4	3	140.004	 UDP 9 > 49153
3	2	140.005	 UDP 9 > 49153
2	1	140.006	 UDP 9 > 49153
1	0	140.007	 UDP 9 > 49153
0	1	141	 UDP 49153 > 9
1	2	141.001	 UDP 49153 > 9
2	3	141.002	 UDP 49153 > 9
3	4	141.003	 UDP 49153 > 9
4	3	141.004	 UDP 9 > 49153
3	2	141.005	 UDP 9 > 49153
2	1	141.006	 UDP 9 > 49153
1	0	141.007	 UDP 9 > 49153
2	1	141.19	 UDP 520 > 520
2	3	141.19	 UDP 520 > 520
0	1	142	 UDP 49153 > 9
1	2	142.001	 UDP 49153 > 9
2	3	142.002	 UDP 49153 > 9
3	4	142.003	 UDP 49153 > 9
4	3	142.004	 UDP 9 > 49153
3	2	142.005	 UDP 9 > 49153
2	1	142.006	 UDP 9 > 49153
1	0	142.007	 UDP 9 > 49153
0	1	143	 UDP 49153 > 9
1	2	143.001	 UDP 49153 > 9
2	3	143.002	 UDP 49153 > 9
3	4	143.003	 UDP 49153 > 9
4	3	143.004	 UDP 9 > 49153
3	2	143.005	 UDP 9 > 49153
2	1	143.006	 UDP 9 > 49153
1	0	143.007	 UDP 9 > 49153
0	1	144	 UDP 49153 > 9
1	2	144.001	 UDP 49153 > 9
2	3	144.002	 UDP 49153 > 9
3	4	144.003	 UDP 49153 > 9
4	3	144.004	 UDP 9 > 49153
3	2	144.005	 UDP 9 > 49153
2	1	144.006	 UDP 9 > 49153
1	0	144.007	 UDP 9 > 49153
0	1	145	 UDP 49153 > 9
1	2	145.001	 UDP 49153 > 9
2	3	145.002	 UDP 49153 > 9
3	4	145.003	 UDP 49153 > 9
4	3	145.004	 UDP 9 > 49153
3	2	145.005	 UDP 9 > 49153
2	1	145.006	 UDP 9 > 49153
1	0	145.007	 UDP 9 > 49153
0	1	146	 UDP 49153 > 9
1	2	146.001	 UDP 49153 > 9
2	3	146.002	 UDP 49153 > 9
3	4	146.003	 UDP 49153 > 9
4	3	146.004	 UDP 9 > 49153
3	2	146.005	 UDP 9 > 49153
2	1	146.006	 UDP 9 > 49153
1	0	146.007	 UDP 9 > 49153
0	1	146.343	 UDP 520 > 520
0	1	147	 UDP 49153 > 9
1	2	147.001	 UDP 49153 > 9
2	3	147.002	 UDP 49153 > 9
3	4	147.003	 UDP 49153 > 9
4	3	147.004	 UDP 9 > 49153
3	2	147.005	 UDP 9 > 49153
2	1	147.006	 UDP 9 > 49153
1	0	147.007	 UDP 9 > 49153
0	1	148	 UDP 49153 > 9
1	2	148.001	 UDP 49153 > 9
2	3	148.002	 UDP 49153 > 9
3	4	148.003	 UDP 49153 > 9
4	3	148.004	 UDP 9 > 49153
3	2	148.005	 UDP 9 > 49153
2	1	148.006	 UDP 9 > 49153
1	0	148.007	 UDP 9 > 49153
0	1	149	 UDP 49153 > 9
1	2	149.001	 UDP 49153 > 9
2	3	149.002	 UDP 49153 > 9
3	4	149.003	 UDP 49153 > 9
4	3	149.004	 UDP 9 > 49153
3	2	149.005	 UDP 9 > 49153
2	1	149.006	 UDP 9 > 49153
1	0	149.007	 UDP 9 > 49153
0	1	150	 UDP 49153 > 9
1	2	150.001	 UDP 49153 > 9
2	3	150.002	 UDP 49153 > 9
3	4	150.003	 UDP 49153 > 9
4	3	150.004	 UDP 9 > 49153
3	2	150.005	 UDP 9 > 49153
2	1	150.006	 UDP 9 > 49153
1	0	150.007	 UDP 9 > 49153
0	1	151	 UDP 49153 > 9
1	2	151.001	 UDP 49153 > 9
2	3	151.002	 UDP 49153 > 9
3	4	151.003	 UDP 49153 > 9
4	3	151.004	 UDP 9 > 49153
3	2	151.005	 UDP 9 > 49153
2	1	151.006	 UDP 9 > 49153
1	0	151.007	 UDP 9 > 49153
0	1	152	 UDP 49153 > 9
1	2	152.001	 UDP 49153 > 9
2	3	152.002	 UDP 49153 > 9
3	4	152.003	 UDP 49153 > 9
4	3	152.004	 UDP 9 > 49153
3	2	152.005	 UDP 9 > 49153
2	1	152.006	 UDP 9 > 49153
1	0	152.007	 UDP 9 > 49153
0	1	153	 UDP 49153 > 9
1	2	153.001	 UDP 49153 > 9
2	3	153.002	 UDP 49153 > 9
3	4	153.003	 UDP 49153 > 9
4	3	153.004	 UDP 9 > 49153
3	2	153.005	 UDP 9 > 49153
2	1	153.006	 UDP 9 > 49153
1	0	153.007	 UDP 9 > 49153
0	1	154	 UDP 49153 > 9
1	2	154.001	 UDP 49153 > 9
2	3	154.002	 UDP 49153 > 9
3	4	154.003	 UDP 49153 > 9
4	3	154.004	 UDP 9 > 49153
3	2	154.005	 UDP 9 > 49153
2	1	154.006	 UDP 9 > 49153
1	0	154.007	 UDP 9 > 49153
0	1	155	 UDP 49153 > 9
1	2	155.001	 UDP 49153 > 9
2	3	155.002	 UDP 49153 > 9
3	4	155.003	 UDP 49153 > 9
4	3	155.004	 UDP 9 > 49153
3	2	155.005	 UDP 9 > 49153
2	1	155.006	 UDP 9 > 49153
1	0	155.007	 UDP 9 > 49153
0	1	156	 UDP 49153 > 9
1	2	156.001	 UDP 49153 > 9
2	3	156.002	 UDP 49153 > 9
3	4	156.003	 UDP 49153 > 9
4	3	156.004	 UDP 9 > 49153
3	2	156.005	 UDP 9 > 49153
2	1	156.006	 UDP 9 > 49153
1	0	156.007	 UDP 9 > 49153
0	1	157	 UDP 49153 > 9
1	2	157.001	 UDP 49153 > 9
2	3	157.002	 UDP 49153 > 9
3	4	157.003	 UDP 49153 > 9
4	3	157.004	 UDP 9 > 49153
3	2	157.005	 UDP 9 > 49153
2	1	157.006	 UDP 9 > 49153
1	0	157.007	 UDP 9 > 49153
3	2	157.836	 UDP 520 > 520
3	4	157.836	 UDP 520 > 520
0	1	158	 UDP 49153 > 9
1	2	158.001	 UDP 49153 > 9
2	3	158.002	 UDP 49153 > 9
3	4	158.003	 UDP 49153 > 9
4	3	158.004	 UDP 9 > 49153
3	2	158.005	 UDP 9 > 49153
2	1	158.006	 UDP 9 > 49153
1	0	158.007	 UDP 9 > 49153
0	1	159	 UDP 49153 > 9
1	2	159.001	 UDP 49153 > 9
2	3	159.002	 UDP 49153 > 9
3	4	159.003	 UDP 49153 > 9
4	3	159.004	 UDP 9 > 49153
3	2	159.005	 UDP 9 > 49153
2	1	159.006	 UDP 9 > 49153
1	0	159.007	 UDP 9 > 49153
0	1	160	 UDP 49153 > 9
1	2	160.001	 UDP 49153 > 9
2	3	160.002	 UDP 49153 > 9
3	4	160.003	 UDP 49153 > 9
4	3	160.004	 UDP 9 > 49153
3	2	160.005	 UDP 9 > 49153
2	1	160.006	 UDP 9 > 49153
1	0	160.007	 UDP 9 > 49153
0	1	161	 UDP 49153 > 9
1	2	161.001	 UDP 49153 > 9
2	3	161.002	 UDP 49153 > 9
3	4	161.003	 UDP 49153 > 9
4	3	161.004	 UDP 9 > 49153
3	2	161.005	 UDP 9 > 49153
2	1	161.006	 UDP 9 > 49153
1	0	161.007	 UDP 9 > 49153
0	1	162	 UDP 49153 > 9
1	2	162.001	 UDP 49153 > 9
2	3	162.002	 UDP 49153 > 9
3	4	162.003	 UDP 49153 > 9
4	3	162.004	 UDP 9 > 49153
3	2	162.005	 UDP 9 > 49153
2	1	162.006	 UDP 9 > 49153
1	0	162.007	 UDP 9 > 49153
0	1	163	 UDP 49153 > 9
1	2	163.001	 UDP 49153 > 9
2	3	163.002	 UDP 49153 > 9
3	4	163.003	 UDP 49153 > 9
4	3	163.004	 UDP 9 > 49153
3	2	163.005	 UDP 9 > 49153
2	1	163.006	 UDP 9 > 49153
1	0	163.007	 UDP 9 > 49153
0	1	164	 UDP 49153 > 9
1	2	164.001	 UDP 49153 > 9
2	3	164.002	 UDP 49153 > 9
3	4	164.003	 UDP 49153 > 9
4	3	164.004	 UDP 9 > 49153
3	2	164.005	 UDP 9 > 49153
2	1	164.006	 UDP 9 > 49153
1	0	164.007	 UDP 9 > 49153
0	1	165	 UDP 49153 > 9
1	2	165.001	 UDP 49153 > 9
2	3	165.002	 UDP 49153 > 9
3	4	165.003	 UDP 49153 > 9
4	3	165.004	 UDP 9 > 49153
3	2	165.005	 UDP 9 > 49153
2	1	165.006	 UDP 9 > 49153
1	0	165.007	 UDP 9 > 49153
0	1	166	 UDP 49153 > 9
1	2	166.001	 UDP 49153 > 9
2	3	166.002	 UDP 49153 > 9
3	4	166.003	 UDP 49153 > 9
4	3	166.004	 UDP 9 > 49153
3	2	166.005	 UDP 9 > 49153
2	1	166.006	 UDP 9 > 49153
1	0	166.007	 UDP 9 > 49153
0	1	167	 UDP 49153 > 9
1	2	167.001	 UDP 49153 > 9
2	3	167.002	 UDP 49153 > 9
3	4	167.003	 UDP 49153 > 9
4	3	167.004	 UDP 9 > 49153
3	2	167.005	 UDP 9 > 49153
2	1	167.006	 UDP 9 > 49153
1	0	167.007	 UDP 9 > 49153
0	1	168	 UDP 49153 > 9
1	2	168.001	 UDP 49153 > 9
2	3	168.002	 UDP 49153 > 9
3	4	168.003	 UDP 49153 > 9
4	3	168.004	 UDP 9 > 49153
3	2	168.005	 UDP 9 > 49153
2	1	168.006	 UDP 9 > 49153
1	0	168.007	 UDP 9 > 49153
1	2	168.364	 UDP 520 > 520
1	0	168.364	 UDP 520 > 520
0	1	169	 UDP 49153 > 9
1	2	169.001	 UDP 49153 > 9
2	3	169.002	 UDP 49153 > 9
3	4	169.003	 UDP 49153 > 9
4	3	169.004	 UDP 9 > 49153
3	2	169.005	 UDP 9 > 49153
2	1	169.006	 UDP 9 > 49153
1	0	169.007	 UDP 9 > 49153
0	1	170	 UDP 49153 > 9
1	2	170.001	 UDP 49153 > 9
2	3	170.002	 UDP 49153 > 9
3	4	170.003	 UDP 49153 > 9
4	3	170.004	 UDP 9 > 49153
3	2	170.005	 UDP 9 > 49153
2	1	170.006	 UDP 9 > 49153
1	0	170.007	 UDP 9 > 49153
0	1	171	 UDP 49153 > 9
1	2	171.001	 UDP 49153 > 9
2	3	171.002	 UDP 49153 > 9
3	4	171.003	 UDP 49153 > 9
4	3	171.004	 UDP 9 > 49153
3	2	171.005	 UDP 9 > 49153
2	1	171.006	 UDP 9 > 49153
1	0	171.007	 UDP 9 > 49153
0	1	172	 UDP 49153 > 9
1	2	172.001	 UDP 49153 > 9
2	3	172.002	 UDP 49153 > 9
3	4	172.003	 UDP 49153 > 9
4	3	172.004	 UDP 9 > 49153
3	2	172.005	 UDP 9 > 49153
2	1	172.006	 UDP 9 > 49153
1	0	172.007	 UDP 9 > 49153
2	1	172.915	 UDP 520 > 520
2	3	172.915	 UDP 520 > 520
0	1	173	 UDP 49153 > 9
1	2	173.001	 UDP 49153 > 9
2	3	173.002	 UDP 49153 > 9
3	4	173.003	 UDP 49153 > 9
4	3	173.004	 UDP 9 > 49153
3	2	173.005	 UDP 9 > 49153
2	1	173.006	 UDP 9 > 49153
1	0	173.007	 UDP 9 > 49153
0	1	174	 UDP 49153 > 9
1	2	174.001	 UDP 49153 > 9
2	3	174.002	 UDP 49153 > 9
3	4	174.003	 UDP 49153 > 9
4	3	174.004	 UDP 9 > 49153
3	2	174.005	 UDP 9 > 49153
2	1	174.006	 UDP 9 > 49153
1	0	174.007	 UDP 9 > 49153
2	1	174.505	 UDP 520 > 520
2	3	174.505	 UDP 520 > 520
0	1	175	 UDP 49153 > 9
1	2	175.001	 UDP 49153 > 9
2	3	175.002	 UDP 49153 > 9
3	4	175.003	 UDP 49153 > 9
4	3	175.004	 UDP 9 > 49153
3	2	175.005	 UDP 9 > 49153
2	1	175.006	 UDP 9 > 49153
1	0	175.007	 UDP 9 > 49153
0	1	176	 UDP 49153 > 9
1	2	176.001	 UDP 49153 > 9
2	3	176.002	 UDP 49153 > 9
3	4	176.003	 UDP 49153 > 9
4	3	176.004	 UDP 9 > 49153
3	2	176.005	 UDP 9 > 49153
2	1	176.006	 UDP 9 > 49153
1	0	176.007	 UDP 9 > 49153
0	1	176.396	 UDP 520 > 520
0	1	177	 UDP 49153 > 9
1	2	177.001	 UDP 49153 > 9
2	3	177.002	 UDP 49153 > 9
3	4	177.003	 UDP 49153 > 9
4	3	177.004	 UDP 9 > 49153
3	2	177.005	 UDP 9 > 49153
2	1	177.006	 UDP 9 > 49153
1	0	177.007	 UDP 9 > 49153
0	1	178	 UDP 49153 > 9
1	2	178.001	 UDP 49153 > 9
2	3	178.002	 UDP 49153 > 9
3	4	178.003	 UDP 49153 > 9
4	3	178.004	 UDP 9 > 49153
3	2	178.005	 UDP 9 > 49153
2	1	178.006	 UDP 9 > 49153
1	0	178.007	 UDP 9 > 49153
0	1	179	 UDP 49153 > 9
1	2	179.001	 UDP 49153 > 9
2	3	179.002	 UDP 49153 > 9
3	4	179.003	 UDP 49153 > 9
4	3	179.004	 UDP 9 > 49153
3	2	179.005	 UDP 9 > 49153
2	1	179.006	 UDP 9 > 49153
1	0	179.007	 UDP 9 > 49153
