From Id	To Id	Tx	Meta
0	1	0.161594	OLSR
2	1	0.278942	OLSR
2	3	0.278942	OLSR
1	0	0.37979	OLSR
1	2	0.37979	OLSR
3	2	0.457968	OLSR
3	4	0.457968	OLSR
2	1	2.14436	OLSR
2	3	2.14436	OLSR
3	2	2.17559	OLSR
3	4	2.17559	OLSR
1	0	2.24618	OLSR
1	2	2.24618	OLSR
0	1	2.44667	OLSR
4	3	2.4556	OLSR
3	2	4.07195	OLSR
3	4	4.07195	OLSR
0	1	4.15371	OLSR
4	3	4.24352	OLSR
1	0	4.40448	OLSR
1	2	4.40448	OLSR
2	1	4.46924	OLSR
2	3	4.46924	OLSR
3	2	5.03522	OLSR
3	4	5.03522	OLSR
1	0	5.34019	OLSR
1	2	5.34019	OLSR
2	1	5.45996	OLSR
2	3	5.45996	OLSR
3	2	6.0387	OLSR
3	4	6.0387	OLSR
4	3	6.0838	OLSR
0	1	6.1901	OLSR
2	1	6.21785	OLSR
2	3	6.21785	OLSR
1	0	6.49173	OLSR
1	2	6.49173	OLSR
2	1	8.06519	OLSR
2	3	8.06519	OLSR
3	2	8.23348	OLSR
3	4	8.23348	OLSR
4	3	8.41075	OLSR
0	1	8.48681	OLSR
1	0	8.49241	OLSR
1	2	8.49241	OLSR
4	3	10.0435	OLSR
1	0	10.158	OLSR
1	2	10.158	OLSR
0	1	10.357	OLSR
2	1	10.4581	OLSR
2	3	10.4581	OLSR
3	2	10.4978	OLSR
3	4	10.4978	OLSR
2	1	10.5478	OLSR
2	3	10.5478	OLSR
1	0	10.7824	OLSR
1	2	10.7824	OLSR
0	1	11	 UDP 49153 > 9
1	2	11.001	 UDP 49153 > 9
2	3	11.002	 UDP 49153 > 9
3	4	11.003	 UDP 49153 > 9
4	3	11.004	 UDP 9 > 49153
3	2	11.0051	 UDP 9 > 49153
2	1	11.0061	 UDP 9 > 49153
1	0	11.0071	 UDP 9 > 49153
0	1	12	 UDP 49153 > 9
1	2	12.001	 UDP 49153 > 9
2	3	12.002	 UDP 49153 > 9
3	4	12.003	 UDP 49153 > 9
4	3	12.004	 UDP 9 > 49153
3	2	12.0051	 UDP 9 > 49153
2	1	12.0061	 UDP 9 > 49153
1	0	12.0071	 UDP 9 > 49153
4	3	12.1272	OLSR
1	0	12.1274	OLSR
1	2	12.1274	OLSR
0	1	12.2058	OLSR
3	2	12.3791	OLSR
3	4	12.3791	OLSR
2	1	12.4957	OLSR
2	3	12.4957	OLSR
0	1	13	 UDP 49153 > 9
1	2	13.001	 UDP 49153 > 9
2	3	13.002	 UDP 49153 > 9
3	4	13.003	 UDP 49153 > 9
4	3	13.004	 UDP 9 > 49153
3	2	13.0051	 UDP 9 > 49153
2	1	13.0061	 UDP 9 > 49153
1	0	13.0071	 UDP 9 > 49153
0	1	14	 UDP 49153 > 9
1	2	14.001	 UDP 49153 > 9
0	1	14.0018	OLSR
2	3	14.002	 UDP 49153 > 9
3	4	14.003	 UDP 49153 > 9
4	3	14.004	 UDP 9 > 49153
3	2	14.0051	 UDP 9 > 49153
2	1	14.0061	 UDP 9 > 49153
1	0	14.0071	 UDP 9 > 49153
4	3	14.1765	OLSR
1	0	14.2787	OLSR
1	2	14.2787	OLSR
3	2	14.4008	OLSR
3	4	14.4008	OLSR
2	1	14.483	OLSR
2	3	14.483	OLSR
0	1	15	 UDP 49153 > 9
1	2	15.001	 UDP 49153 > 9
2	3	15.002	 UDP 49153 > 9
3	4	15.003	 UDP 49153 > 9
4	3	15.004	 UDP 9 > 49153
3	2	15.0051	 UDP 9 > 49153
2	1	15.0061	 UDP 9 > 49153
1	0	15.0071	 UDP 9 > 49153
1	0	15.1462	OLSR
1	2	15.1462	OLSR
3	2	15.2839	OLSR
3	4	15.2839	OLSR
2	1	15.4566	OLSR
2	3	15.4566	OLSR
3	2	15.6557	OLSR
3	4	15.6557	OLSR
1	0	15.8352	OLSR
1	2	15.8352	OLSR
0	1	16	 UDP 49153 > 9
1	2	16.001	 UDP 49153 > 9
2	3	16.002	 UDP 49153 > 9
3	4	16.003	 UDP 49153 > 9
4	3	16.004	 UDP 9 > 49153
3	2	16.0051	 UDP 9 > 49153
2	1	16.0061	 UDP 9 > 49153
1	0	16.0071	 UDP 9 > 49153
0	1	16.0234	OLSR
4	3	16.2217	OLSR
3	2	16.2869	OLSR
3	4	16.2869	OLSR
2	1	16.3381	OLSR
2	3	16.3381	OLSR
1	0	16.4099	OLSR
1	2	16.4099	OLSR
0	1	17	 UDP 49153 > 9
1	2	17.001	 UDP 49153 > 9
2	3	17.002	 UDP 49153 > 9
3	4	17.003	 UDP 49153 > 9
4	3	17.004	 UDP 9 > 49153
3	2	17.0051	 UDP 9 > 49153
2	1	17.0061	 UDP 9 > 49153
1	0	17.0071	 UDP 9 > 49153
0	1	18	 UDP 49153 > 9
1	2	18.001	 UDP 49153 > 9
2	3	18.002	 UDP 49153 > 9
3	4	18.003	 UDP 49153 > 9
4	3	18.004	 UDP 9 > 49153
3	2	18.0051	 UDP 9 > 49153
2	1	18.0061	 UDP 9 > 49153
1	0	18.0071	 UDP 9 > 49153
1	0	18.2612	OLSR
1	2	18.2612	OLSR
0	1	18.2772	OLSR
2	1	18.4077	OLSR
2	3	18.4077	OLSR
4	3	18.4603	OLSR
3	2	18.4778	OLSR
3	4	18.4778	OLSR
0	1	19	 UDP 49153 > 9
1	2	19.001	 UDP 49153 > 9
2	3	19.002	 UDP 49153 > 9
3	4	19.003	 UDP 49153 > 9
4	3	19.004	 UDP 9 > 49153
3	2	19.0051	 UDP 9 > 49153
2	1	19.0061	 UDP 9 > 49153
1	0	19.0071	 UDP 9 > 49153
0	1	20	 UDP 49153 > 9
1	2	20.001	 UDP 49153 > 9
2	3	20.002	 UDP 49153 > 9
3	4	20.003	 UDP 49153 > 9
4	3	20.004	 UDP 9 > 49153
3	2	20.0051	 UDP 9 > 49153
2	1	20.0061	 UDP 9 > 49153
1	0	20.0071	 UDP 9 > 49153
2	1	20.0151	OLSR
2	3	20.0151	OLSR
3	2	20.1011	OLSR
3	4	20.1011	OLSR
1	0	20.1418	OLSR
1	2	20.1418	OLSR
4	3	20.2855	OLSR
2	1	20.4006	OLSR
2	3	20.4006	OLSR
0	1	20.4091	OLSR
1	0	20.5104	OLSR
1	2	20.5104	OLSR
3	2	20.5785	OLSR
3	4	20.5785	OLSR
0	1	21	 UDP 49153 > 9
1	2	21.001	 UDP 49153 > 9
2	3	21.002	 UDP 49153 > 9
3	4	21.003	 UDP 49153 > 9
4	3	21.004	 UDP 9 > 49153
3	2	21.0051	 UDP 9 > 49153
2	1	21.0061	 UDP 9 > 49153
1	0	21.0071	 UDP 9 > 49153
0	1	22	 UDP 49153 > 9
1	2	22.001	 UDP 49153 > 9
0	1	22.0017	OLSR
2	3	22.002	 UDP 49153 > 9
3	4	22.003	 UDP 49153 > 9
4	3	22.004	 UDP 9 > 49153
3	2	22.0051	 UDP 9 > 49153
2	1	22.0061	 UDP 9 > 49153
1	0	22.0071	 UDP 9 > 49153
3	2	22.1185	OLSR
3	4	22.1185	OLSR
1	0	22.1921	OLSR
1	2	22.1921	OLSR
2	1	22.3064	OLSR
2	3	22.3064	OLSR
4	3	22.3329	OLSR
0	1	23	 UDP 49153 > 9
1	2	23.001	 UDP 49153 > 9
2	3	23.002	 UDP 49153 > 9
3	4	23.003	 UDP 49153 > 9
4	3	23.004	 UDP 9 > 49153
3	2	23.0051	 UDP 9 > 49153
2	1	23.0061	 UDP 9 > 49153
1	0	23.0071	 UDP 9 > 49153
0	1	24	 UDP 49153 > 9
1	2	24.001	 UDP 49153 > 9
2	3	24.002	 UDP 49153 > 9
3	4	24.003	 UDP 49153 > 9
4	3	24.004	 UDP 9 > 49153
3	2	24.0051	 UDP 9 > 49153
2	1	24.0061	 UDP 9 > 49153
1	0	24.0071	 UDP 9 > 49153
0	1	24.057	OLSR
2	1	24.1667	OLSR
2	3	24.1667	OLSR
4	3	24.1829	OLSR
1	0	24.4023	OLSR
1	2	24.4023	OLSR
3	2	24.4533	OLSR
3	4	24.4533	OLSR
0	1	25	 UDP 49153 > 9
1	2	25.001	 UDP 49153 > 9
2	3	25.002	 UDP 49153 > 9
3	4	25.003	 UDP 49153 > 9
4	3	25.004	 UDP 9 > 49153
3	2	25.0051	 UDP 9 > 49153
2	1	25.0061	 UDP 9 > 49153
1	0	25.0071	 UDP 9 > 49153
2	1	25.0598	OLSR
2	3	25.0598	OLSR
1	0	25.3113	OLSR
1	2	25.3113	OLSR
3	2	25.3626	OLSR
3	4	25.3626	OLSR
2	1	25.3843	OLSR
2	3	25.3843	OLSR
1	0	25.4179	OLSR
1	2	25.4179	OLSR
3	2	25.5527	OLSR
3	4	25.5527	OLSR
0	1	26	 UDP 49153 > 9
1	2	26.001	 UDP 49153 > 9
2	3	26.002	 UDP 49153 > 9
3	4	26.003	 UDP 49153 > 9
4	3	26.004	 UDP 9 > 49153
3	2	26.0051	 UDP 9 > 49153
2	1	26.0061	 UDP 9 > 49153
1	0	26.0071	 UDP 9 > 49153
1	0	26.1938	OLSR
1	2	26.1938	OLSR
4	3	26.2989	OLSR
2	1	26.3421	OLSR
2	3	26.3421	OLSR
0	1	26.3622	OLSR
3	2	26.4517	OLSR
3	4	26.4517	OLSR
0	1	27	 UDP 49153 > 9
1	2	27.001	 UDP 49153 > 9
2	3	27.002	 UDP 49153 > 9
3	4	27.003	 UDP 49153 > 9
4	3	27.004	 UDP 9 > 49153
3	2	27.0051	 UDP 9 > 49153
2	1	27.0061	 UDP 9 > 49153
1	0	27.0071	 UDP 9 > 49153
0	1	28	 UDP 49153 > 9
1	2	28.001	 UDP 49153 > 9
2	3	28.002	 UDP 49153 > 9
3	4	28.003	 UDP 49153 > 9
4	3	28.004	 UDP 9 > 49153
3	2	28.0051	 UDP 9 > 49153
2	1	28.0061	 UDP 9 > 49153
1	0	28.0071	 UDP 9 > 49153
1	0	28.2166	OLSR
1	2	28.2166	OLSR
4	3	28.2546	OLSR
3	2	28.2792	OLSR
3	4	28.2792	OLSR
2	1	28.4988	OLSR
2	3	28.4988	OLSR
0	1	28.4998	OLSR
0	1	29	 UDP 49153 > 9
1	2	29.001	 UDP 49153 > 9
2	3	29.002	 UDP 49153 > 9
3	4	29.003	 UDP 49153 > 9
4	3	29.004	 UDP 9 > 49153
3	2	29.0051	 UDP 9 > 49153
2	1	29.0061	 UDP 9 > 49153
1	0	29.0071	 UDP 9 > 49153
0	1	30	 UDP 49153 > 9
1	2	30.001	 UDP 49153 > 9
2	3	30.002	 UDP 49153 > 9
3	4	30.003	 UDP 49153 > 9
4	3	30.004	 UDP 9 > 49153
3	2	30.0051	 UDP 9 > 49153
2	1	30.0061	 UDP 9 > 49153
1	0	30.0071	 UDP 9 > 49153
4	3	30.0138	OLSR
2	1	30.0895	OLSR
2	3	30.0895	OLSR
1	0	30.171	OLSR
1	2	30.171	OLSR
0	1	30.3142	OLSR
3	2	30.3861	OLSR
3	4	30.3861	OLSR
2	1	30.571	OLSR
2	3	30.571	OLSR
3	2	30.6631	OLSR
3	4	30.6631	OLSR
1	0	30.7703	OLSR
1	2	30.7703	OLSR
0	1	31	 UDP 49153 > 9
1	2	31.001	 UDP 49153 > 9
2	3	31.002	 UDP 49153 > 9
3	4	31.003	 UDP 49153 > 9
4	3	31.004	 UDP 9 > 49153
3	2	31.0051	 UDP 9 > 49153
2	1	31.0061	 UDP 9 > 49153
1	0	31.0071	 UDP 9 > 49153
0	1	32	 UDP 49153 > 9
1	2	32.001	 UDP 49153 > 9
2	3	32.002	 UDP 49153 > 9
3	4	32.003	 UDP 49153 > 9
4	3	32.004	 UDP 9 > 49153
3	2	32.0051	 UDP 9 > 49153
2	1	32.0061	 UDP 9 > 49153
1	0	32.0071	 UDP 9 > 49153
0	1	32.0454	OLSR
3	2	32.1189	OLSR
3	4	32.1189	OLSR
4	3	32.133	OLSR
2	1	32.2301	OLSR
2	3	32.2301	OLSR
1	0	32.2862	OLSR
1	2	32.2862	OLSR
0	1	33	 UDP 49153 > 9
1	2	33.001	 UDP 49153 > 9
2	3	33.002	 UDP 49153 > 9
3	4	33.003	 UDP 49153 > 9
4	3	33.004	 UDP 9 > 49153
3	2	33.0051	 UDP 9 > 49153
2	1	33.0061	 UDP 9 > 49153
1	0	33.0071	 UDP 9 > 49153
0	1	34	 UDP 49153 > 9
1	2	34.001	 UDP 49153 > 9
2	3	34.002	 UDP 49153 > 9
3	4	34.003	 UDP 49153 > 9
4	3	34.004	 UDP 9 > 49153
3	2	34.0051	 UDP 9 > 49153
2	1	34.0061	 UDP 9 > 49153
1	0	34.0071	 UDP 9 > 49153
3	2	34.0508	OLSR
3	4	34.0508	OLSR
4	3	34.3842	OLSR
0	1	34.4064	OLSR
1	0	34.4569	OLSR
1	2	34.4569	OLSR
2	1	34.4657	OLSR
2	3	34.4657	OLSR
0	1	35	 UDP 49153 > 9
1	2	35.001	 UDP 49153 > 9
2	3	35.002	 UDP 49153 > 9
3	4	35.003	 UDP 49153 > 9
4	3	35.004	 UDP 9 > 49153
3	2	35.0051	 UDP 9 > 49153
2	1	35.0061	 UDP 9 > 49153
1	0	35.0071	 UDP 9 > 49153
2	1	35.0947	OLSR
2	3	35.0947	OLSR
3	2	35.132	OLSR
3	4	35.132	OLSR
1	0	35.1746	OLSR
1	2	35.1746	OLSR
2	1	35.3688	OLSR
2	3	35.3688	OLSR
3	2	35.5494	OLSR
3	4	35.5494	OLSR
1	0	35.868	OLSR
1	2	35.868	OLSR
0	1	36	 UDP 49153 > 9
1	2	36.001	 UDP 49153 > 9
2	3	36.002	 UDP 49153 > 9
3	4	36.003	 UDP 49153 > 9
4	3	36.004	 UDP 9 > 49153
3	2	36.0051	 UDP 9 > 49153
2	1	36.0061	 UDP 9 > 49153
1	0	36.0071	 UDP 9 > 49153
0	1	36.1098	OLSR
3	2	36.1235	OLSR
3	4	36.1235	OLSR
2	1	36.3058	OLSR
2	3	36.3058	OLSR
4	3	36.4057	OLSR
1	0	36.4916	OLSR
1	2	36.4916	OLSR
0	1	37	 UDP 49153 > 9
1	2	37.001	 UDP 49153 > 9
2	3	37.002	 UDP 49153 > 9
3	4	37.003	 UDP 49153 > 9
4	3	37.004	 UDP 9 > 49153
3	2	37.0051	 UDP 9 > 49153
2	1	37.0061	 UDP 9 > 49153
1	0	37.0071	 UDP 9 > 49153
0	1	38	 UDP 49153 > 9
1	2	38.001	 UDP 49153 > 9
2	3	38.002	 UDP 49153 > 9
3	4	38.003	 UDP 49153 > 9
4	3	38.004	 UDP 9 > 49153
3	2	38.0051	 UDP 9 > 49153
2	1	38.0061	 UDP 9 > 49153
1	0	38.0071	 UDP 9 > 49153
4	3	38.0923	OLSR
3	2	38.2696	OLSR
3	4	38.2696	OLSR
2	1	38.3145	OLSR
2	3	38.3145	OLSR
0	1	38.4017	OLSR
1	0	38.4457	OLSR
1	2	38.4457	OLSR
0	1	39	 UDP 49153 > 9
1	2	39.001	 UDP 49153 > 9
2	3	39.002	 UDP 49153 > 9
3	4	39.003	 UDP 49153 > 9
4	3	39.004	 UDP 9 > 49153
3	2	39.0051	 UDP 9 > 49153
2	1	39.0061	 UDP 9 > 49153
1	0	39.0071	 UDP 9 > 49153
0	1	40	 UDP 49153 > 9
1	2	40.001	 UDP 49153 > 9
2	3	40.002	 UDP 49153 > 9
3	4	40.003	 UDP 49153 > 9
4	3	40.004	 UDP 9 > 49153
3	2	40.0051	 UDP 9 > 49153
2	1	40.0061	 UDP 9 > 49153
1	0	40.0071	 UDP 9 > 49153
0	1	40.084	OLSR
3	2	40.2633	OLSR
3	4	40.2633	OLSR
1	0	40.3824	OLSR
1	2	40.3824	OLSR
4	3	40.4007	OLSR
2	1	40.4685	OLSR
2	3	40.4685	OLSR
3	2	40.6783	OLSR
3	4	40.6783	OLSR
1	0	40.796	OLSR
1	2	40.796	OLSR
0	1	41	 UDP 49153 > 9
1	2	41.001	 UDP 49153 > 9
2	3	41.002	 UDP 49153 > 9
3	4	41.003	 UDP 49153 > 9
4	3	41.004	 UDP 9 > 49153
3	2	41.0051	 UDP 9 > 49153
2	1	41.0061	 UDP 9 > 49153
1	0	41.0071	 UDP 9 > 49153
0	1	42	 UDP 49153 > 9
1	2	42.001	 UDP 49153 > 9
2	3	42.002	 UDP 49153 > 9
4	3	42.0024	OLSR
3	4	42.003	 UDP 49153 > 9
4	3	42.004	 UDP 9 > 49153
3	2	42.0051	 UDP 9 > 49153
2	1	42.0061	 UDP 9 > 49153
1	0	42.0071	 UDP 9 > 49153
3	2	42.2007	OLSR
3	4	42.2007	OLSR
0	1	42.3187	OLSR
2	1	42.3315	OLSR
2	3	42.3315	OLSR
1	0	42.3415	OLSR
1	2	42.3415	OLSR
0	1	43	 UDP 49153 > 9
1	2	43.001	 UDP 49153 > 9
2	3	43.002	 UDP 49153 > 9
3	4	43.003	 UDP 49153 > 9
4	3	43.004	 UDP 9 > 49153
3	2	43.0051	 UDP 9 > 49153
2	1	43.0061	 UDP 9 > 49153
1	0	43.0071	 UDP 9 > 49153
0	1	44	 UDP 49153 > 9
1	2	44.001	 UDP 49153 > 9
2	3	44.002	 UDP 49153 > 9
3	4	44.003	 UDP 49153 > 9
4	3	44.004	 UDP 9 > 49153
3	2	44.0051	 UDP 9 > 49153
2	1	44.0061	 UDP 9 > 49153
3	2	44.0061	OLSR
3	4	44.0061	OLSR
1	0	44.0071	 UDP 9 > 49153
4	3	44.2512	OLSR
2	1	44.3746	OLSR
2	3	44.3746	OLSR
0	1	44.4019	OLSR
1	0	44.4271	OLSR
1	2	44.4271	OLSR
0	1	45	 UDP 49153 > 9
1	2	45.001	 UDP 49153 > 9
2	3	45.002	 UDP 49153 > 9
3	4	45.003	 UDP 49153 > 9
4	3	45.004	 UDP 9 > 49153
3	2	45.0051	 UDP 9 > 49153
2	1	45.0061	 UDP 9 > 49153
1	0	45.0071	 UDP 9 > 49153
1	0	45.0611	OLSR
1	2	45.0611	OLSR
3	2	45.2791	OLSR
3	4	45.2791	OLSR
2	1	45.4372	OLSR
2	3	45.4372	OLSR
1	0	45.6639	OLSR
1	2	45.6639	OLSR
3	2	45.82	OLSR
3	4	45.82	OLSR
0	1	46	 UDP 49153 > 9
1	2	46.001	 UDP 49153 > 9
2	3	46.002	 UDP 49153 > 9
3	4	46.003	 UDP 49153 > 9
3	2	46.004	OLSR
3	4	46.004	OLSR
4	3	46.004	 UDP 9 > 49153
3	2	46.0051	 UDP 9 > 49153
2	1	46.0061	 UDP 9 > 49153
1	0	46.0071	 UDP 9 > 49153
0	1	46.0269	OLSR
2	1	46.0513	OLSR
2	3	46.0513	OLSR
1	0	46.1223	OLSR
1	2	46.1223	OLSR
4	3	46.3212	OLSR
0	1	47	 UDP 49153 > 9
1	2	47.001	 UDP 49153 > 9
2	3	47.002	 UDP 49153 > 9
3	4	47.003	 UDP 49153 > 9
4	3	47.004	 UDP 9 > 49153
3	2	47.0051	 UDP 9 > 49153
2	1	47.0061	 UDP 9 > 49153
1	0	47.0071	 UDP 9 > 49153
0	1	48	 UDP 49153 > 9
1	2	48.001	 UDP 49153 > 9
2	3	48.002	 UDP 49153 > 9
3	4	48.003	 UDP 49153 > 9
4	3	48.004	 UDP 9 > 49153
3	2	48.0051	 UDP 9 > 49153
2	1	48.0061	 UDP 9 > 49153
1	0	48.0071	 UDP 9 > 49153
2	1	48.0463	OLSR
2	3	48.0463	OLSR
0	1	48.0816	OLSR
1	0	48.1314	OLSR
1	2	48.1314	OLSR
4	3	48.1547	OLSR
3	2	48.2818	OLSR
3	4	48.2818	OLSR
0	1	49	 UDP 49153 > 9
1	2	49.001	 UDP 49153 > 9
2	3	49.002	 UDP 49153 > 9
3	4	49.003	 UDP 49153 > 9
4	3	49.004	 UDP 9 > 49153
3	2	49.0051	 UDP 9 > 49153
2	1	49.0061	 UDP 9 > 49153
1	0	49.0071	 UDP 9 > 49153
0	1	50	 UDP 49153 > 9
1	2	50.001	 UDP 49153 > 9
2	3	50.002	 UDP 49153 > 9
3	4	50.003	 UDP 49153 > 9
4	3	50.004	 UDP 9 > 49153
3	2	50.0051	 UDP 9 > 49153
2	1	50.0061	 UDP 9 > 49153
1	0	50.0071	 UDP 9 > 49153
4	3	50.0845	OLSR
1	0	50.1349	OLSR
1	2	50.1349	OLSR
3	2	50.2172	OLSR
3	4	50.2172	OLSR
0	1	50.3957	OLSR
2	1	50.4214	OLSR
2	3	50.4214	OLSR
3	2	50.4733	OLSR
3	4	50.4733	OLSR
1	0	50.7927	OLSR
1	2	50.7927	OLSR
0	1	51	 UDP 49153 > 9
1	2	51.001	 UDP 49153 > 9
2	3	51.002	 UDP 49153 > 9
3	4	51.003	 UDP 49153 > 9
4	3	51.004	 UDP 9 > 49153
3	2	51.0051	 UDP 9 > 49153
2	1	51.0061	 UDP 9 > 49153
1	0	51.0071	 UDP 9 > 49153
0	1	52	 UDP 49153 > 9
1	2	52.001	 UDP 49153 > 9
2	3	52.002	 UDP 49153 > 9
3	4	52.003	 UDP 49153 > 9
4	3	52.004	 UDP 9 > 49153
3	2	52.0051	 UDP 9 > 49153
2	1	52.0061	 UDP 9 > 49153
1	0	52.0071	 UDP 9 > 49153
4	3	52.1099	OLSR
3	2	52.1132	OLSR
3	4	52.1132	OLSR
1	0	52.1587	OLSR
1	2	52.1587	OLSR
2	1	52.3634	OLSR
2	3	52.3634	OLSR
0	1	52.4045	OLSR
0	1	53	 UDP 49153 > 9
1	2	53.001	 UDP 49153 > 9
2	3	53.002	 UDP 49153 > 9
3	4	53.003	 UDP 49153 > 9
4	3	53.004	 UDP 9 > 49153
3	2	53.0051	 UDP 9 > 49153
2	1	53.0061	 UDP 9 > 49153
1	0	53.0071	 UDP 9 > 49153
0	1	54	 UDP 49153 > 9
1	2	54.001	 UDP 49153 > 9
2	3	54.002	 UDP 49153 > 9
3	4	54.003	 UDP 49153 > 9
4	3	54.004	 UDP 9 > 49153
3	2	54.0051	 UDP 9 > 49153
2	1	54.0061	 UDP 9 > 49153
1	0	54.0071	 UDP 9 > 49153
4	3	54.0954	OLSR
2	1	54.1685	OLSR
2	3	54.1685	OLSR
1	0	54.2965	OLSR
1	2	54.2965	OLSR
3	2	54.2991	OLSR
3	4	54.2991	OLSR
0	1	54.4342	OLSR
0	1	55	 UDP 49153 > 9
2	1	55.0637	OLSR
2	3	55.0637	OLSR
1	2	55.2122	OLSR
3	2	55.4175	OLSR
3	4	55.4175	OLSR
2	1	55.4191	OLSR
2	3	55.4191	OLSR
1	2	55.6942	OLSR
3	2	55.7627	OLSR
3	4	55.7627	OLSR
0	1	56	 UDP 49153 > 9
2	1	56.0975	OLSR
2	3	56.0975	OLSR
0	1	56.3217	OLSR
1	2	56.3643	OLSR
3	2	56.398	OLSR
3	4	56.398	OLSR
4	3	56.4774	OLSR
0	1	57	 UDP 49153 > 9
0	1	58	 UDP 49153 > 9
1	2	58.0722	OLSR
3	2	58.1536	OLSR
3	4	58.1536	OLSR
4	3	58.2778	OLSR
0	1	58.3586	OLSR
2	1	58.4217	OLSR
2	3	58.4217	OLSR
0	1	59	 UDP 49153 > 9
0	1	60	 UDP 49153 > 9
0	1	60.0162	OLSR
2	1	60.054	OLSR
2	3	60.054	OLSR
3	2	60.072	OLSR
3	4	60.072	OLSR
1	2	60.354	OLSR
2	1	60.3653	OLSR
2	3	60.3653	OLSR
1	2	60.4057	OLSR
4	3	60.4512	OLSR
3	2	60.7019	OLSR
3	4	60.7019	OLSR
0	1	62.2007	OLSR
2	1	62.3377	OLSR
2	3	62.3377	OLSR
3	2	62.3755	OLSR
3	4	62.3755	OLSR
4	3	62.3812	OLSR
1	2	62.475	OLSR
2	1	64.1919	OLSR
2	3	64.1919	OLSR
1	2	64.2556	OLSR
4	3	64.3722	OLSR
3	2	64.4852	OLSR
3	4	64.4852	OLSR
0	1	64.4861	OLSR
2	1	65.0418	OLSR
2	3	65.0418	OLSR
1	2	65.1557	OLSR
3	2	65.468	OLSR
3	4	65.468	OLSR
2	1	65.6202	OLSR
2	3	65.6202	OLSR
3	2	65.7833	OLSR
3	4	65.7833	OLSR
1	2	66.0778	OLSR
3	2	66.1089	OLSR
3	4	66.1089	OLSR
2	1	66.1291	OLSR
2	3	66.1291	OLSR
4	3	66.2967	OLSR
0	1	66.4554	OLSR
2	1	68.0456	OLSR
2	3	68.0456	OLSR
1	2	68.1063	OLSR
4	3	68.4105	OLSR
0	1	68.4314	OLSR
3	2	68.4488	OLSR
3	4	68.4488	OLSR
0	1	70.1418	OLSR
3	2	70.2652	OLSR
3	4	70.2652	OLSR
4	3	70.2802	OLSR
2	1	70.4863	OLSR
2	3	70.4863	OLSR
1	2	70.497	OLSR
3	2	70.6572	OLSR
3	4	70.6572	OLSR
2	1	70.8501	OLSR
2	3	70.8501	OLSR
3	2	71.2831	OLSR
3	4	71.2831	OLSR
4	3	72.0332	OLSR
0	1	72.2917	OLSR
3	2	72.299	OLSR
3	4	72.299	OLSR
2	1	72.3446	OLSR
2	3	72.3446	OLSR
1	2	72.4543	OLSR
4	3	74.0307	OLSR
0	1	74.0452	OLSR
2	1	74.1763	OLSR
2	3	74.1763	OLSR
3	2	74.264	OLSR
3	4	74.264	OLSR
1	2	74.4145	OLSR
1	2	75.2501	OLSR
2	1	75.2687	OLSR
2	3	75.2687	OLSR
3	2	75.3025	OLSR
3	4	75.3025	OLSR
2	1	75.3855	OLSR
2	3	75.3855	OLSR
0	1	76.0828	OLSR
1	2	76.0891	OLSR
2	1	76.1088	OLSR
2	3	76.1088	OLSR
3	2	76.1847	OLSR
3	4	76.1847	OLSR
4	3	76.3903	OLSR
2	1	78.0257	OLSR
2	3	78.0257	OLSR
4	3	78.1039	OLSR
3	2	78.3749	OLSR
3	4	78.3749	OLSR
0	1	78.3853	OLSR
1	2	78.4847	OLSR
0	1	80.041	OLSR
4	3	80.0669	OLSR
1	2	80.086	OLSR
2	1	80.3836	OLSR
2	3	80.3836	OLSR
3	2	80.3932	OLSR
3	4	80.3932	OLSR
2	1	80.5046	OLSR
2	3	80.5046	OLSR
2	1	82.1191	OLSR
2	3	82.1191	OLSR
0	1	82.132	OLSR
1	2	82.1444	OLSR
4	3	82.4501	OLSR
3	2	82.4767	OLSR
3	4	82.4767	OLSR
1	2	84.0658	OLSR
4	3	84.2445	OLSR
2	1	84.27	OLSR
2	3	84.27	OLSR
0	1	84.4381	OLSR
3	2	84.491	OLSR
3	4	84.491	OLSR
3	2	85.1095	OLSR
3	4	85.1095	OLSR
1	2	85.1808	OLSR
2	1	85.1817	OLSR
2	3	85.1817	OLSR
3	2	85.361	OLSR
3	4	85.361	OLSR
2	1	85.5523	OLSR
2	3	85.5523	OLSR
3	2	85.9213	OLSR
3	4	85.9213	OLSR
2	1	86.1795	OLSR
2	3	86.1795	OLSR
3	2	86.2165	OLSR
3	4	86.2165	OLSR
0	1	86.2793	OLSR
4	3	86.3718	OLSR
1	2	86.3748	OLSR
0	1	88.0102	OLSR
1	2	88.0585	OLSR
2	1	88.0929	OLSR
2	3	88.0929	OLSR
4	3	88.1952	OLSR
3	2	88.2174	OLSR
3	4	88.2174	OLSR
2	1	90.0309	OLSR
2	3	90.0309	OLSR
3	2	90.0828	OLSR
3	4	90.0828	OLSR
0	1	90.1115	OLSR
4	3	90.2038	OLSR
1	2	90.2574	OLSR
2	1	90.5259	OLSR
2	3	90.5259	OLSR
3	2	90.6001	OLSR
3	4	90.6001	OLSR
2	1	92.0287	OLSR
2	3	92.0287	OLSR
4	3	92.082	OLSR
0	1	92.0868	OLSR
1	2	92.0869	OLSR
3	2	92.3305	OLSR
3	4	92.3305	OLSR
0	1	94.0004	OLSR
2	1	94.0718	OLSR
2	3	94.0718	OLSR
3	2	94.0737	OLSR
3	4	94.0737	OLSR
4	3	94.2235	OLSR
1	2	94.4335	OLSR
1	2	95.1063	OLSR
3	2	95.3885	OLSR
3	4	95.3885	OLSR
2	1	95.4272	OLSR
2	3	95.4272	OLSR
3	2	95.8682	OLSR
3	4	95.8682	OLSR
3	2	96.1107	OLSR
3	4	96.1107	OLSR
2	1	96.2457	OLSR
2	3	96.2457	OLSR
0	1	96.3103	OLSR
1	2	96.3506	OLSR
4	3	96.3796	OLSR
1	2	98.1683	OLSR
3	2	98.297	OLSR
3	4	98.297	OLSR
4	3	98.3691	OLSR
2	1	98.4804	OLSR
2	3	98.4804	OLSR
0	1	98.4896	OLSR
0	1	100.169	OLSR
3	2	100.218	OLSR
3	4	100.218	OLSR
2	1	100.348	OLSR
2	3	100.348	OLSR
4	3	100.424	OLSR
1	2	100.467	OLSR
3	2	100.507	OLSR
3	4	100.507	OLSR
2	1	100.683	OLSR
2	3	100.683	OLSR
3	2	100.764	OLSR
3	4	100.764	OLSR
1	2	102.041	OLSR
4	3	102.327	OLSR
3	2	102.389	OLSR
3	4	102.389	OLSR
0	1	102.397	OLSR
2	1	102.461	OLSR
2	3	102.461	OLSR
4	3	104.1	OLSR
1	2	104.183	OLSR
2	1	104.238	OLSR
2	3	104.238	OLSR
0	1	104.437	OLSR
3	2	104.46	OLSR
3	4	104.46	OLSR
3	2	105.254	OLSR
3	4	105.254	OLSR
1	2	105.407	OLSR
2	1	105.483	OLSR
2	3	105.483	OLSR
3	2	105.714	OLSR
3	4	105.714	OLSR
4	3	106.144	OLSR
1	2	106.205	OLSR
2	1	106.33	OLSR
2	3	106.33	OLSR
3	2	106.443	OLSR
3	4	106.443	OLSR
0	1	106.482	OLSR
3	2	108.03	OLSR
3	4	108.03	OLSR
2	1	108.059	OLSR
2	3	108.059	OLSR
4	3	108.109	OLSR
0	1	108.184	OLSR
1	2	108.267	OLSR
2	1	110.051	OLSR
2	3	110.051	OLSR
1	0	110.069	OLSR
1	2	110.069	OLSR
4	3	110.232	OLSR
2	1	110.252	OLSR
2	3	110.252	OLSR
0	1	110.32	OLSR
3	2	110.375	OLSR
3	4	110.375	OLSR
2	1	110.606	OLSR
2	3	110.606	OLSR
3	2	112.009	OLSR
3	4	112.009	OLSR
1	0	112.063	OLSR
1	2	112.063	OLSR
2	1	112.108	OLSR
2	3	112.108	OLSR
0	1	112.235	OLSR
4	3	112.5	OLSR
4	3	114.053	OLSR
0	1	114.265	OLSR
1	0	114.38	OLSR
1	2	114.38	OLSR
3	2	114.393	OLSR
3	4	114.393	OLSR
2	1	114.398	OLSR
2	3	114.398	OLSR
2	1	115.001	OLSR
2	3	115.001	OLSR
3	2	115.221	OLSR
3	4	115.221	OLSR
1	0	115.411	OLSR
1	2	115.411	OLSR
2	1	115.584	OLSR
2	3	115.584	OLSR
3	2	115.776	OLSR
3	4	115.776	OLSR
4	3	116.049	OLSR
3	2	116.163	OLSR
3	4	116.163	OLSR
1	0	116.389	OLSR
1	2	116.389	OLSR
2	1	116.455	OLSR
2	3	116.455	OLSR
0	1	116.483	OLSR
0	1	118.062	OLSR
2	1	118.119	OLSR
2	3	118.119	OLSR
3	2	118.137	OLSR
3	4	118.137	OLSR
1	0	118.188	OLSR
1	2	118.188	OLSR
4	3	118.493	OLSR
4	3	120.044	OLSR
0	1	120.089	OLSR
3	2	120.173	OLSR
3	4	120.173	OLSR
1	0	120.336	OLSR
1	2	120.336	OLSR
2	1	120.358	OLSR
2	3	120.358	OLSR
3	2	120.7	OLSR
3	4	120.7	OLSR
1	0	120.766	OLSR
1	2	120.766	OLSR
0	1	121	 UDP 49153 > 9
1	2	121.001	 UDP 49153 > 9
2	3	121.002	 UDP 49153 > 9
3	4	121.003	 UDP 49153 > 9
4	3	121.004	 UDP 9 > 49153
3	2	121.005	 UDP 9 > 49153
2	1	121.006	 UDP 9 > 49153
1	0	121.007	 UDP 9 > 49153
0	1	122	 UDP 49153 > 9
1	2	122.001	 UDP 49153 > 9
2	3	122.002	 UDP 49153 > 9
3	4	122.003	 UDP 49153 > 9
4	3	122.004	 UDP 9 > 49153
3	2	122.005	 UDP 9 > 49153
2	1	122.006	 UDP 9 > 49153
1	0	122.007	 UDP 9 > 49153
1	0	122.069	OLSR
1	2	122.069	OLSR
4	3	122.227	OLSR
3	2	122.322	OLSR
3	4	122.322	OLSR
0	1	122.44	OLSR
2	1	122.478	OLSR
2	3	122.478	OLSR
0	1	123	 UDP 49153 > 9
1	2	123.001	 UDP 49153 > 9
2	3	123.002	 UDP 49153 > 9
3	4	123.003	 UDP 49153 > 9
4	3	123.004	 UDP 9 > 49153
3	2	123.005	 UDP 9 > 49153
2	1	123.006	 UDP 9 > 49153
1	0	123.007	 UDP 9 > 49153
0	1	124	 UDP 49153 > 9
1	2	124.001	 UDP 49153 > 9
2	3	124.002	 UDP 49153 > 9
3	4	124.003	 UDP 49153 > 9
4	3	124.004	 UDP 9 > 49153
3	2	124.005	 UDP 9 > 49153
2	1	124.006	 UDP 9 > 49153
1	0	124.007	 UDP 9 > 49153
3	2	124.158	OLSR
3	4	124.158	OLSR
4	3	124.197	OLSR
2	1	124.219	OLSR
2	3	124.219	OLSR
1	0	124.301	OLSR
1	2	124.301	OLSR
0	1	124.338	OLSR
0	1	125	 UDP 49153 > 9
1	2	125.001	 UDP 49153 > 9
2	3	125.002	 UDP 49153 > 9
3	4	125.003	 UDP 49153 > 9
4	3	125.004	 UDP 9 > 49153
3	2	125.005	 UDP 9 > 49153
2	1	125.006	 UDP 9 > 49153
1	0	125.007	 UDP 9 > 49153
2	1	125.072	OLSR
2	3	125.072	OLSR
3	2	125.08	OLSR
3	4	125.08	OLSR
2	1	125.195	OLSR
2	3	125.195	OLSR
1	0	125.494	OLSR
1	2	125.494	OLSR
2	1	125.498	OLSR
2	3	125.498	OLSR
3	2	125.882	OLSR
3	4	125.882	OLSR
0	1	126	 UDP 49153 > 9
1	2	126.001	 UDP 49153 > 9
2	3	126.002	 UDP 49153 > 9
3	4	126.003	 UDP 49153 > 9
4	3	126.004	 UDP 9 > 49153
3	2	126.005	 UDP 9 > 49153
2	1	126.006	 UDP 9 > 49153
1	0	126.007	 UDP 9 > 49153
1	0	126.183	OLSR
1	2	126.183	OLSR
2	1	126.185	OLSR
2	3	126.185	OLSR
4	3	126.223	OLSR
0	1	126.291	OLSR
3	2	126.385	OLSR
3	4	126.385	OLSR
0	1	127	 UDP 49153 > 9
1	2	127.001	 UDP 49153 > 9
2	3	127.002	 UDP 49153 > 9
3	4	127.003	 UDP 49153 > 9
4	3	127.004	 UDP 9 > 49153
3	2	127.005	 UDP 9 > 49153
2	1	127.006	 UDP 9 > 49153
1	0	127.007	 UDP 9 > 49153
0	1	128	 UDP 49153 > 9
1	2	128.001	 UDP 49153 > 9
2	3	128.002	 UDP 49153 > 9
3	4	128.003	 UDP 49153 > 9
4	3	128.004	 UDP 9 > 49153
3	2	128.005	 UDP 9 > 49153
2	1	128.006	 UDP 9 > 49153
1	0	128.007	 UDP 9 > 49153
4	3	128.013	OLSR
3	2	128.295	OLSR
3	4	128.295	OLSR
0	1	128.32	OLSR
1	0	128.421	OLSR
1	2	128.421	OLSR
2	1	128.423	OLSR
2	3	128.423	OLSR
0	1	129	 UDP 49153 > 9
1	2	129.001	 UDP 49153 > 9
2	3	129.002	 UDP 49153 > 9
3	4	129.003	 UDP 49153 > 9
4	3	129.004	 UDP 9 > 49153
3	2	129.005	 UDP 9 > 49153
2	1	129.006	 UDP 9 > 49153
1	0	129.007	 UDP 9 > 49153
0	1	130	 UDP 49153 > 9
1	2	130.001	 UDP 49153 > 9
2	3	130.002	 UDP 49153 > 9
3	4	130.003	 UDP 49153 > 9
1	0	130.003	OLSR
1	2	130.003	OLSR
4	3	130.004	 UDP 9 > 49153
3	2	130.005	 UDP 9 > 49153
2	1	130.006	 UDP 9 > 49153
1	0	130.007	 UDP 9 > 49153
0	1	130.224	OLSR
3	2	130.235	OLSR
3	4	130.235	OLSR
4	3	130.432	OLSR
2	1	130.496	OLSR
2	3	130.496	OLSR
3	2	130.63	OLSR
3	4	130.63	OLSR
1	0	130.791	OLSR
1	2	130.791	OLSR
0	1	131	 UDP 49153 > 9
1	2	131.001	 UDP 49153 > 9
2	3	131.002	 UDP 49153 > 9
3	4	131.003	 UDP 49153 > 9
4	3	131.004	 UDP 9 > 49153
3	2	131.005	 UDP 9 > 49153
2	1	131.006	 UDP 9 > 49153
1	0	131.007	 UDP 9 > 49153
0	1	132	 UDP 49153 > 9
1	2	132.001	 UDP 49153 > 9
2	3	132.002	 UDP 49153 > 9
3	4	132.003	 UDP 49153 > 9
4	3	132.004	 UDP 9 > 49153
3	2	132.005	 UDP 9 > 49153
2	1	132.006	 UDP 9 > 49153
1	0	132.007	 UDP 9 > 49153
1	0	132.041	OLSR
1	2	132.041	OLSR
3	2	132.129	OLSR
3	4	132.129	OLSR
4	3	132.357	OLSR
0	1	132.373	OLSR
2	1	132.444	OLSR
2	3	132.444	OLSR
0	1	133	 UDP 49153 > 9
1	2	133.001	 UDP 49153 > 9
2	3	133.002	 UDP 49153 > 9
3	4	133.003	 UDP 49153 > 9
4	3	133.004	 UDP 9 > 49153
3	2	133.005	 UDP 9 > 49153
2	1	133.006	 UDP 9 > 49153
1	0	133.007	 UDP 9 > 49153
0	1	134	 UDP 49153 > 9
1	2	134.001	 UDP 49153 > 9
2	3	134.002	 UDP 49153 > 9
3	4	134.003	 UDP 49153 > 9
4	3	134.004	 UDP 9 > 49153
3	2	134.005	 UDP 9 > 49153
2	1	134.006	 UDP 9 > 49153
1	0	134.007	 UDP 9 > 49153
0	1	134.038	OLSR
1	0	134.088	OLSR
1	2	134.088	OLSR
3	2	134.194	OLSR
3	4	134.194	OLSR
2	1	134.255	OLSR
2	3	134.255	OLSR
4	3	134.39	OLSR
0	1	135	 UDP 49153 > 9
1	2	135.001	 UDP 49153 > 9
2	3	135.002	 UDP 49153 > 9
3	4	135.003	 UDP 49153 > 9
4	3	135.004	 UDP 9 > 49153
3	2	135.005	 UDP 9 > 49153
2	1	135.006	 UDP 9 > 49153
1	0	135.007	 UDP 9 > 49153
3	2	135.066	OLSR
3	4	135.066	OLSR
1	0	135.106	OLSR
1	2	135.106	OLSR
2	1	135.285	OLSR
2	3	135.285	OLSR
3	2	135.439	OLSR
3	4	135.439	OLSR
1	0	135.472	OLSR
1	2	135.472	OLSR
0	1	136	 UDP 49153 > 9
1	2	136.001	 UDP 49153 > 9
2	3	136.002	 UDP 49153 > 9
3	4	136.003	 UDP 49153 > 9
4	3	136.004	 UDP 9 > 49153
3	2	136.005	 UDP 9 > 49153
2	1	136.006	 UDP 9 > 49153
1	0	136.007	 UDP 9 > 49153
1	0	136.016	OLSR
1	2	136.016	OLSR
4	3	136.066	OLSR
0	1	136.128	OLSR
3	2	136.251	OLSR
3	4	136.251	OLSR
2	1	136.438	OLSR
2	3	136.438	OLSR
0	1	137	 UDP 49153 > 9
1	2	137.001	 UDP 49153 > 9
2	3	137.002	 UDP 49153 > 9
3	4	137.003	 UDP 49153 > 9
4	3	137.004	 UDP 9 > 49153
3	2	137.005	 UDP 9 > 49153
2	1	137.006	 UDP 9 > 49153
1	0	137.007	 UDP 9 > 49153
0	1	138	 UDP 49153 > 9
1	2	138.001	 UDP 49153 > 9
2	3	138.002	 UDP 49153 > 9
3	4	138.003	 UDP 49153 > 9
4	3	138.004	 UDP 9 > 49153
3	2	138.005	 UDP 9 > 49153
2	1	138.006	 UDP 9 > 49153
1	0	138.007	 UDP 9 > 49153
3	2	138.009	OLSR
3	4	138.009	OLSR
2	1	138.024	OLSR
2	3	138.024	OLSR
1	0	138.129	OLSR
1	2	138.129	OLSR
0	1	138.185	OLSR
4	3	138.202	OLSR
0	1	139	 UDP 49153 > 9
1	2	139.001	 UDP 49153 > 9
2	3	139.002	 UDP 49153 > 9
3	4	139.003	 UDP 49153 > 9
4	3	139.004	 UDP 9 > 49153
3	2	139.005	 UDP 9 > 49153
2	1	139.006	 UDP 9 > 49153
1	0	139.007	 UDP 9 > 49153
0	1	140	 UDP 49153 > 9
1	2	140.001	 UDP 49153 > 9
2	3	140.002	 UDP 49153 > 9
3	4	140.003	 UDP 49153 > 9
4	3	140.004	 UDP 9 > 49153
3	2	140.005	 UDP 9 > 49153
2	1	140.006	 UDP 9 > 49153
1	0	140.007	 UDP 9 > 49153
0	1	140.213	OLSR
2	1	140.374	OLSR
2	3	140.374	OLSR
4	3	140.374	OLSR
3	2	140.387	OLSR
3	4	140.387	OLSR
1	0	140.419	OLSR
1	2	140.419	OLSR
2	1	140.515	OLSR
2	3	140.515	OLSR
3	2	140.647	OLSR
3	4	140.647	OLSR
1	0	140.712	OLSR
1	2	140.712	OLSR
0	1	141	 UDP 49153 > 9
1	2	141.001	 UDP 49153 > 9
2	3	141.002	 UDP 49153 > 9
3	4	141.003	 UDP 49153 > 9
4	3	141.004	 UDP 9 > 49153
3	2	141.005	 UDP 9 > 49153
2	1	141.006	 UDP 9 > 49153
1	0	141.007	 UDP 9 > 49153
0	1	142	 UDP 49153 > 9
1	2	142.001	 UDP 49153 > 9
2	3	142.002	 UDP 49153 > 9
3	4	142.003	 UDP 49153 > 9
4	3	142.004	 UDP 9 > 49153
3	2	142.005	 UDP 9 > 49153
2	1	142.006	 UDP 9 > 49153
1	0	142.007	 UDP 9 > 49153
4	3	142.028	OLSR
0	1	142.306	OLSR
2	1	142.341	OLSR
2	3	142.341	OLSR
3	2	142.47	OLSR
3	4	142.47	OLSR
1	0	142.483	OLSR
1	2	142.483	OLSR
0	1	143	 UDP 49153 > 9
1	2	143.001	 UDP 49153 > 9
2	3	143.002	 UDP 49153 > 9
3	4	143.003	 UDP 49153 > 9
4	3	143.004	 UDP 9 > 49153
3	2	143.005	 UDP 9 > 49153
2	1	143.006	 UDP 9 > 49153
1	0	143.007	 UDP 9 > 49153
0	1	144	 UDP 49153 > 9
1	2	144.001	 UDP 49153 > 9
2	3	144.002	 UDP 49153 > 9
3	4	144.003	 UDP 49153 > 9
2	1	144.004	OLSR
2	3	144.004	OLSR
4	3	144.004	 UDP 9 > 49153
3	2	144.005	 UDP 9 > 49153
2	1	144.006	 UDP 9 > 49153
1	0	144.007	 UDP 9 > 49153
4	3	144.014	OLSR
1	0	144.161	OLSR
1	2	144.161	OLSR
3	2	144.328	OLSR
3	4	144.328	OLSR
0	1	144.353	OLSR
0	1	145	 UDP 49153 > 9
1	2	145.001	 UDP 49153 > 9
2	3	145.002	 UDP 49153 > 9
3	4	145.003	 UDP 49153 > 9
4	3	145.004	 UDP 9 > 49153
3	2	145.005	 UDP 9 > 49153
2	1	145.006	 UDP 9 > 49153
1	0	145.007	 UDP 9 > 49153
2	1	145.18	OLSR
2	3	145.18	OLSR
1	0	145.204	OLSR
1	2	145.204	OLSR
3	2	145.205	OLSR
3	4	145.205	OLSR
2	1	145.421	OLSR
2	3	145.421	OLSR
1	0	145.563	OLSR
1	2	145.563	OLSR
3	2	145.746	OLSR
3	4	145.746	OLSR
0	1	146	 UDP 49153 > 9
1	2	146.001	 UDP 49153 > 9
2	3	146.002	 UDP 49153 > 9
3	4	146.003	 UDP 49153 > 9
4	3	146.004	 UDP 9 > 49153
3	2	146.005	 UDP 9 > 49153
2	1	146.006	 UDP 9 > 49153
1	0	146.007	 UDP 9 > 49153
1	0	146.097	OLSR
1	2	146.097	OLSR
2	1	146.225	OLSR
2	3	146.225	OLSR
3	2	146.351	OLSR
3	4	146.351	OLSR
4	3	146.378	OLSR
0	1	146.413	OLSR
0	1	147	 UDP 49153 > 9
1	2	147.001	 UDP 49153 > 9
2	3	147.002	 UDP 49153 > 9
3	4	147.003	 UDP 49153 > 9
4	3	147.004	 UDP 9 > 49153
3	2	147.005	 UDP 9 > 49153
2	1	147.006	 UDP 9 > 49153
1	0	147.007	 UDP 9 > 49153
0	1	148	 UDP 49153 > 9
1	2	148.001	 UDP 49153 > 9
2	3	148.002	 UDP 49153 > 9
3	4	148.003	 UDP 49153 > 9
4	3	148.004	 UDP 9 > 49153
3	2	148.005	 UDP 9 > 49153
2	1	148.006	 UDP 9 > 49153
1	0	148.007	 UDP 9 > 49153
2	1	148.085	OLSR
2	3	148.085	OLSR
3	2	148.17	OLSR
3	4	148.17	OLSR
0	1	148.305	OLSR
1	0	148.402	OLSR
1	2	148.402	OLSR
4	3	148.407	OLSR
0	1	149	 UDP 49153 > 9
1	2	149.001	 UDP 49153 > 9
2	3	149.002	 UDP 49153 > 9
3	4	149.003	 UDP 49153 > 9
4	3	149.004	 UDP 9 > 49153
3	2	149.005	 UDP 9 > 49153
2	1	149.006	 UDP 9 > 49153
1	0	149.007	 UDP 9 > 49153
0	1	150	 UDP 49153 > 9
1	2	150.001	 UDP 49153 > 9
2	3	150.002	 UDP 49153 > 9
3	4	150.003	 UDP 49153 > 9
4	3	150.004	 UDP 9 > 49153
3	2	150.005	 UDP 9 > 49153
2	1	150.006	 UDP 9 > 49153
1	0	150.007	 UDP 9 > 49153
4	3	150.044	OLSR
1	0	150.05	OLSR
1	2	150.05	OLSR
2	1	150.182	OLSR
2	3	150.182	OLSR
0	1	150.251	OLSR
3	2	150.262	OLSR
3	4	150.262	OLSR
1	0	150.624	OLSR
1	2	150.624	OLSR
2	1	150.65	OLSR
2	3	150.65	OLSR
1	0	150.984	OLSR
1	2	150.984	OLSR
0	1	151	 UDP 49153 > 9
1	2	151.001	 UDP 49153 > 9
2	3	151.002	 UDP 49153 > 9
3	4	151.003	 UDP 49153 > 9
4	3	151.004	 UDP 9 > 49153
3	2	151.005	 UDP 9 > 49153
2	1	151.006	 UDP 9 > 49153
1	0	151.007	 UDP 9 > 49153
0	1	152	 UDP 49153 > 9
1	2	152.001	 UDP 49153 > 9
2	3	152.002	 UDP 49153 > 9
3	4	152.003	 UDP 49153 > 9
4	3	152.004	 UDP 9 > 49153
3	2	152.005	 UDP 9 > 49153
2	1	152.006	 UDP 9 > 49153
1	0	152.007	 UDP 9 > 49153
3	2	152.137	OLSR
3	4	152.137	OLSR
2	1	152.162	OLSR
2	3	152.162	OLSR
4	3	152.266	OLSR
0	1	152.366	OLSR
1	0	152.416	OLSR
1	2	152.416	OLSR
0	1	153	 UDP 49153 > 9
1	2	153.001	 UDP 49153 > 9
2	3	153.002	 UDP 49153 > 9
3	4	153.003	 UDP 49153 > 9
4	3	153.004	 UDP 9 > 49153
3	2	153.005	 UDP 9 > 49153
2	1	153.006	 UDP 9 > 49153
1	0	153.007	 UDP 9 > 49153
0	1	154	 UDP 49153 > 9
1	2	154.001	 UDP 49153 > 9
2	3	154.002	 UDP 49153 > 9
3	4	154.003	 UDP 49153 > 9
4	3	154.004	 UDP 9 > 49153
3	2	154.005	 UDP 9 > 49153
2	1	154.006	 UDP 9 > 49153
1	0	154.007	 UDP 9 > 49153
2	1	154.057	OLSR
2	3	154.057	OLSR
1	0	154.294	OLSR
1	2	154.294	OLSR
3	2	154.31	OLSR
3	4	154.31	OLSR
4	3	154.326	OLSR
0	1	154.362	OLSR
0	1	155	 UDP 49153 > 9
1	2	155.001	 UDP 49153 > 9
2	3	155.002	 UDP 49153 > 9
3	4	155.003	 UDP 49153 > 9
4	3	155.004	 UDP 9 > 49153
3	2	155.005	 UDP 9 > 49153
2	1	155.006	 UDP 9 > 49153
1	0	155.007	 UDP 9 > 49153
1	0	155.257	OLSR
1	2	155.257	OLSR
2	1	155.278	OLSR
2	3	155.278	OLSR
3	2	155.37	OLSR
3	4	155.37	OLSR
2	1	155.409	OLSR
2	3	155.409	OLSR
1	0	155.658	OLSR
1	2	155.658	OLSR
0	1	156	 UDP 49153 > 9
1	2	156.001	 UDP 49153 > 9
2	3	156.002	 UDP 49153 > 9
3	4	156.003	 UDP 49153 > 9
4	3	156.004	 UDP 9 > 49153
3	2	156.005	 UDP 9 > 49153
2	1	156.006	 UDP 9 > 49153
1	0	156.007	 UDP 9 > 49153
0	1	156.133	OLSR
2	1	156.263	OLSR
2	3	156.263	OLSR
3	2	156.344	OLSR
3	4	156.344	OLSR
1	0	156.4	OLSR
1	2	156.4	OLSR
4	3	156.488	OLSR
0	1	157	 UDP 49153 > 9
1	2	157.001	 UDP 49153 > 9
2	3	157.002	 UDP 49153 > 9
3	4	157.003	 UDP 49153 > 9
4	3	157.004	 UDP 9 > 49153
3	2	157.005	 UDP 9 > 49153
2	1	157.006	 UDP 9 > 49153
1	0	157.007	 UDP 9 > 49153
0	1	158	 UDP 49153 > 9
1	2	158.001	 UDP 49153 > 9
2	3	158.002	 UDP 49153 > 9
3	4	158.003	 UDP 49153 > 9
4	3	158.004	 UDP 9 > 49153
3	2	158.005	 UDP 9 > 49153
2	1	158.006	 UDP 9 > 49153
1	0	158.007	 UDP 9 > 49153
1	0	158.024	OLSR
1	2	158.024	OLSR
3	2	158.036	OLSR
3	4	158.036	OLSR
0	1	158.316	OLSR
4	3	158.433	OLSR
2	1	158.496	OLSR
2	3	158.496	OLSR
0	1	159	 UDP 49153 > 9
1	2	159.001	 UDP 49153 > 9
2	3	159.002	 UDP 49153 > 9
3	4	159.003	 UDP 49153 > 9
4	3	159.004	 UDP 9 > 49153
3	2	159.005	 UDP 9 > 49153
2	1	159.006	 UDP 9 > 49153
1	0	159.007	 UDP 9 > 49153
0	1	160	 UDP 49153 > 9
1	2	160.001	 UDP 49153 > 9
2	3	160.002	 UDP 49153 > 9
3	4	160.003	 UDP 49153 > 9
4	3	160.004	 UDP 9 > 49153
3	2	160.005	 UDP 9 > 49153
2	1	160.006	 UDP 9 > 49153
1	0	160.007	 UDP 9 > 49153
3	2	160.118	OLSR
3	4	160.118	OLSR
1	0	160.198	OLSR
1	2	160.198	OLSR
4	3	160.225	OLSR
2	1	160.411	OLSR
2	3	160.411	OLSR
3	2	160.454	OLSR
3	4	160.454	OLSR
0	1	160.468	OLSR
1	0	160.898	OLSR
1	2	160.898	OLSR
0	1	161	 UDP 49153 > 9
1	2	161.001	 UDP 49153 > 9
2	3	161.002	 UDP 49153 > 9
3	4	161.003	 UDP 49153 > 9
4	3	161.004	 UDP 9 > 49153
3	2	161.005	 UDP 9 > 49153
2	1	161.006	 UDP 9 > 49153
1	0	161.007	 UDP 9 > 49153
0	1	162	 UDP 49153 > 9
1	2	162.001	 UDP 49153 > 9
2	3	162.002	 UDP 49153 > 9
3	4	162.003	 UDP 49153 > 9
4	3	162.004	 UDP 9 > 49153
3	2	162.005	 UDP 9 > 49153
2	1	162.006	 UDP 9 > 49153
1	0	162.007	 UDP 9 > 49153
3	2	162.079	OLSR
3	4	162.079	OLSR
4	3	162.094	OLSR
0	1	162.128	OLSR
2	1	162.146	OLSR
2	3	162.146	OLSR
1	0	162.154	OLSR
1	2	162.154	OLSR
0	1	163	 UDP 49153 > 9
1	2	163.001	 UDP 49153 > 9
2	3	163.002	 UDP 49153 > 9
3	4	163.003	 UDP 49153 > 9
4	3	163.004	 UDP 9 > 49153
3	2	163.005	 UDP 9 > 49153
2	1	163.006	 UDP 9 > 49153
1	0	163.007	 UDP 9 > 49153
0	1	164	 UDP 49153 > 9
1	2	164.001	 UDP 49153 > 9
2	3	164.002	 UDP 49153 > 9
3	4	164.003	 UDP 49153 > 9
4	3	164.004	 UDP 9 > 49153
3	2	164.005	 UDP 9 > 49153
2	1	164.006	 UDP 9 > 49153
1	0	164.007	 UDP 9 > 49153
1	0	164.018	OLSR
1	2	164.018	OLSR
4	3	164.071	OLSR
3	2	164.156	OLSR
3	4	164.156	OLSR
0	1	164.201	OLSR
2	1	164.267	OLSR
2	3	164.267	OLSR
0	1	165	 UDP 49153 > 9
1	2	165.001	 UDP 49153 > 9
2	3	165.002	 UDP 49153 > 9
3	4	165.003	 UDP 49153 > 9
4	3	165.004	 UDP 9 > 49153
3	2	165.005	 UDP 9 > 49153
2	1	165.006	 UDP 9 > 49153
1	0	165.007	 UDP 9 > 49153
3	2	165.06	OLSR
3	4	165.06	OLSR
1	0	165.458	OLSR
1	2	165.458	OLSR
2	1	165.474	OLSR
2	3	165.474	OLSR
3	2	165.513	OLSR
3	4	165.513	OLSR
1	0	165.613	OLSR
1	2	165.613	OLSR
0	1	166	 UDP 49153 > 9
1	2	166.001	 UDP 49153 > 9
2	3	166.002	 UDP 49153 > 9
3	4	166.003	 UDP 49153 > 9
4	3	166.004	 UDP 9 > 49153
3	2	166.005	 UDP 9 > 49153
2	1	166.006	 UDP 9 > 49153
1	0	166.007	 UDP 9 > 49153
1	0	166.064	OLSR
1	2	166.064	OLSR
4	3	166.08	OLSR
0	1	166.294	OLSR
2	1	166.371	OLSR
2	3	166.371	OLSR
3	2	166.409	OLSR
3	4	166.409	OLSR
0	1	167	 UDP 49153 > 9
1	2	167.001	 UDP 49153 > 9
2	3	167.002	 UDP 49153 > 9
3	4	167.003	 UDP 49153 > 9
4	3	167.004	 UDP 9 > 49153
3	2	167.005	 UDP 9 > 49153
2	1	167.006	 UDP 9 > 49153
1	0	167.007	 UDP 9 > 49153
0	1	168	 UDP 49153 > 9
1	2	168.001	 UDP 49153 > 9
2	3	168.002	 UDP 49153 > 9
3	4	168.003	 UDP 49153 > 9
4	3	168.004	 UDP 9 > 49153
3	2	168.005	 UDP 9 > 49153
2	1	168.006	 UDP 9 > 49153
1	0	168.007	 UDP 9 > 49153
1	0	168.223	OLSR
1	2	168.223	OLSR
4	3	168.23	OLSR
0	1	168.253	OLSR
3	2	168.314	OLSR
3	4	168.314	OLSR
2	1	168.344	OLSR
2	3	168.344	OLSR
0	1	169	 UDP 49153 > 9
1	2	169.001	 UDP 49153 > 9
2	3	169.002	 UDP 49153 > 9
3	4	169.003	 UDP 49153 > 9
4	3	169.004	 UDP 9 > 49153
3	2	169.005	 UDP 9 > 49153
2	1	169.006	 UDP 9 > 49153
1	0	169.007	 UDP 9 > 49153
0	1	170	 UDP 49153 > 9
1	2	170.001	 UDP 49153 > 9
2	3	170.002	 UDP 49153 > 9
3	4	170.003	 UDP 49153 > 9
4	3	170.004	 UDP 9 > 49153
3	2	170.005	 UDP 9 > 49153
2	1	170.006	 UDP 9 > 49153
1	0	170.007	 UDP 9 > 49153
0	1	170.124	OLSR
1	0	170.178	OLSR
1	2	170.178	OLSR
2	1	170.363	OLSR
2	3	170.363	OLSR
3	2	170.373	OLSR
3	4	170.373	OLSR
4	3	170.428	OLSR
1	0	170.447	OLSR
1	2	170.447	OLSR
2	1	170.493	OLSR
2	3	170.493	OLSR
1	0	170.967	OLSR
1	2	170.967	OLSR
0	1	171	 UDP 49153 > 9
1	2	171.001	 UDP 49153 > 9
2	3	171.002	 UDP 49153 > 9
3	4	171.003	 UDP 49153 > 9
4	3	171.004	 UDP 9 > 49153
3	2	171.005	 UDP 9 > 49153
2	1	171.006	 UDP 9 > 49153
1	0	171.007	 UDP 9 > 49153
0	1	172	 UDP 49153 > 9
1	2	172.001	 UDP 49153 > 9
2	3	172.002	 UDP 49153 > 9
3	4	172.003	 UDP 49153 > 9
4	3	172.004	 UDP 9 > 49153
3	2	172.005	 UDP 9 > 49153
2	1	172.006	 UDP 9 > 49153
1	0	172.007	 UDP 9 > 49153
1	0	172.092	OLSR
1	2	172.092	OLSR
2	1	172.121	OLSR
2	3	172.121	OLSR
3	2	172.18	OLSR
3	4	172.18	OLSR
0	1	172.355	OLSR
4	3	172.481	OLSR
0	1	173	 UDP 49153 > 9
1	2	173.001	 UDP 49153 > 9
2	3	173.002	 UDP 49153 > 9
3	4	173.003	 UDP 49153 > 9
4	3	173.004	 UDP 9 > 49153
3	2	173.005	 UDP 9 > 49153
2	1	173.006	 UDP 9 > 49153
1	0	173.007	 UDP 9 > 49153
0	1	174	 UDP 49153 > 9
1	2	174.001	 UDP 49153 > 9
2	3	174.002	 UDP 49153 > 9
3	4	174.003	 UDP 49153 > 9
4	3	174.004	 UDP 9 > 49153
3	2	174.005	 UDP 9 > 49153
2	1	174.006	 UDP 9 > 49153
1	0	174.007	 UDP 9 > 49153
4	3	174.19	OLSR
2	1	174.279	OLSR
2	3	174.279	OLSR
0	1	174.286	OLSR
1	0	174.345	OLSR
1	2	174.345	OLSR
3	2	174.492	OLSR
3	4	174.492	OLSR
0	1	175	 UDP 49153 > 9
1	2	175.001	 UDP 49153 > 9
2	3	175.002	 UDP 49153 > 9
3	4	175.003	 UDP 49153 > 9
4	3	175.004	 UDP 9 > 49153
3	2	175.005	 UDP 9 > 49153
2	1	175.006	 UDP 9 > 49153
1	0	175.007	 UDP 9 > 49153
1	0	175.135	OLSR
1	2	175.135	OLSR
3	2	175.275	OLSR
3	4	175.275	OLSR
2	1	175.301	OLSR
2	3	175.301	OLSR
3	2	175.471	OLSR
3	4	175.471	OLSR
1	0	175.498	OLSR
1	2	175.498	OLSR
0	1	176	 UDP 49153 > 9
1	2	176.001	 UDP 49153 > 9
2	3	176.002	 UDP 49153 > 9
3	4	176.003	 UDP 49153 > 9
4	3	176.004	 UDP 9 > 49153
3	2	176.005	 UDP 9 > 49153
2	1	176.006	 UDP 9 > 49153
1	0	176.007	 UDP 9 > 49153
2	1	176.248	OLSR
2	3	176.248	OLSR
1	0	176.265	OLSR
1	2	176.265	OLSR
0	1	176.331	OLSR
3	2	176.383	OLSR
3	4	176.383	OLSR
4	3	176.464	OLSR
0	1	177	 UDP 49153 > 9
1	2	177.001	 UDP 49153 > 9
2	3	177.002	 UDP 49153 > 9
3	4	177.003	 UDP 49153 > 9
4	3	177.004	 UDP 9 > 49153
3	2	177.005	 UDP 9 > 49153
2	1	177.006	 UDP 9 > 49153
1	0	177.007	 UDP 9 > 49153
0	1	178	 UDP 49153 > 9
1	2	178.001	 UDP 49153 > 9
2	3	178.002	 UDP 49153 > 9
3	4	178.003	 UDP 49153 > 9
4	3	178.004	 UDP 9 > 49153
3	2	178.005	 UDP 9 > 49153
2	1	178.006	 UDP 9 > 49153
1	0	178.007	 UDP 9 > 49153
0	1	178.045	OLSR
3	2	178.218	OLSR
3	4	178.218	OLSR
4	3	178.23	OLSR
1	0	178.309	OLSR
1	2	178.309	OLSR
2	1	178.414	OLSR
2	3	178.414	OLSR
0	1	179	 UDP 49153 > 9
1	2	179.001	 UDP 49153 > 9
2	3	179.002	 UDP 49153 > 9
3	4	179.003	 UDP 49153 > 9
4	3	179.004	 UDP 9 > 49153
3	2	179.005	 UDP 9 > 49153
2	1	179.006	 UDP 9 > 49153
1	0	179.007	 UDP 9 > 49153
