From Id	To Id	Tx	Meta
4	2	0.0885554	 UDP 520 > 520
4	3	0.0885554	 UDP 520 > 520
4	7	0.0885554	 UDP 520 > 520
4	5	0.0885554	 UDP 520 > 520
4	6	0.0885554	 UDP 520 > 520
2	4	0.0895597	 UDP 520 > 520
3	4	0.0895597	 UDP 520 > 520
7	4	0.0895597	 UDP 520 > 520
5	4	0.0895597	 UDP 520 > 520
6	4	0.0895597	 UDP 520 > 520
0	1	0.291822	 UDP 520 > 520
1	0	0.292827	 UDP 520 > 520
7	3	0.67817	 UDP 520 > 520
7	4	0.67817	 UDP 520 > 520
7	6	0.67817	 UDP 520 > 520
3	7	0.679174	 UDP 520 > 520
4	7	0.679174	 UDP 520 > 520
6	7	0.679174	 UDP 520 > 520
3	2	0.793688	 UDP 520 > 520
3	4	0.793688	 UDP 520 > 520
3	7	0.793688	 UDP 520 > 520
2	3	0.794692	 UDP 520 > 520
4	3	0.794692	 UDP 520 > 520
7	3	0.794692	 UDP 520 > 520
6	4	0.817155	 UDP 520 > 520
6	5	0.817155	 UDP 520 > 520
6	7	0.817155	 UDP 520 > 520
4	6	0.818159	 UDP 520 > 520
5	6	0.818159	 UDP 520 > 520
7	6	0.818159	 UDP 520 > 520
2	1	0.831145	 UDP 520 > 520
2	3	0.831145	 UDP 520 > 520
2	4	0.831145	 UDP 520 > 520
1	2	0.832149	 UDP 520 > 520
3	2	0.832149	 UDP 520 > 520
4	2	0.832149	 UDP 520 > 520
1	0	0.953657	 UDP 520 > 520
1	2	0.953657	 UDP 520 > 520
1	5	0.953657	 UDP 520 > 520
0	1	0.954661	 UDP 520 > 520
2	1	0.954661	 UDP 520 > 520
5	1	0.954661	 UDP 520 > 520
5	1	0.96994	 UDP 520 > 520
5	4	0.96994	 UDP 520 > 520
5	6	0.96994	 UDP 520 > 520
1	5	0.970945	 UDP 520 > 520
4	5	0.970945	 UDP 520 > 520
6	5	0.970945	 UDP 520 > 520
3	2	30.0654	 UDP 520 > 520
3	4	30.0654	 UDP 520 > 520
3	7	30.0654	 UDP 520 > 520
4	2	30.1272	 UDP 520 > 520
4	3	30.1272	 UDP 520 > 520
4	7	30.1272	 UDP 520 > 520
4	5	30.1272	 UDP 520 > 520
4	6	30.1272	 UDP 520 > 520
2	1	30.8365	 UDP 520 > 520
2	3	30.8365	 UDP 520 > 520
2	4	30.8365	 UDP 520 > 520
1	0	31.655	 UDP 520 > 520
1	2	31.655	 UDP 520 > 520
1	5	31.655	 UDP 520 > 520
3	2	31.7533	 UDP 520 > 520
3	4	31.7533	 UDP 520 > 520
3	7	31.7533	 UDP 520 > 520
7	3	31.9017	 UDP 520 > 520
7	4	31.9017	 UDP 520 > 520
7	6	31.9017	 UDP 520 > 520
0	1	32	 UDP 49153 > 9
1	2	32.001	 UDP 49153 > 9
2	3	32.002	 UDP 49153 > 9
3	7	32.003	 UDP 49153 > 9
0	1	33	 UDP 49153 > 9
1	2	33.001	 UDP 49153 > 9
2	3	33.002	 UDP 49153 > 9
3	7	33.003	 UDP 49153 > 9
6	4	33.4899	 UDP 520 > 520
6	5	33.4899	 UDP 520 > 520
6	7	33.4899	 UDP 520 > 520
0	1	33.9257	 UDP 520 > 520
0	1	34	 UDP 49153 > 9
1	2	34.001	 UDP 49153 > 9
2	3	34.002	 UDP 49153 > 9
3	7	34.003	 UDP 49153 > 9
4	2	34.0352	 UDP 520 > 520
4	3	34.0352	 UDP 520 > 520
4	7	34.0352	 UDP 520 > 520
4	5	34.0352	 UDP 520 > 520
4	6	34.0352	 UDP 520 > 520
7	3	34.2928	 UDP 520 > 520
7	4	34.2928	 UDP 520 > 520
7	6	34.2928	 UDP 520 > 520
5	1	34.7522	 UDP 520 > 520
5	4	34.7522	 UDP 520 > 520
5	6	34.7522	 UDP 520 > 520
0	1	35	 UDP 49153 > 9
1	2	35.001	 UDP 49153 > 9
2	3	35.002	 UDP 49153 > 9
3	7	35.003	 UDP 49153 > 9
3	2	35.5104	 UDP 520 > 520
3	4	35.5104	 UDP 520 > 520
3	7	35.5104	 UDP 520 > 520
2	1	35.7952	 UDP 520 > 520
2	3	35.7952	 UDP 520 > 520
2	4	35.7952	 UDP 520 > 520
5	1	35.9324	 UDP 520 > 520
5	4	35.9324	 UDP 520 > 520
5	6	35.9324	 UDP 520 > 520
0	1	36	 UDP 49153 > 9
1	2	36.001	 UDP 49153 > 9
2	3	36.002	 UDP 49153 > 9
3	7	36.003	 UDP 49153 > 9
0	1	37	 UDP 49153 > 9
1	2	37.001	 UDP 49153 > 9
2	3	37.002	 UDP 49153 > 9
3	7	37.003	 UDP 49153 > 9
4	2	37.164	 UDP 520 > 520
4	3	37.164	 UDP 520 > 520
4	7	37.164	 UDP 520 > 520
4	5	37.164	 UDP 520 > 520
4	6	37.164	 UDP 520 > 520
6	4	37.2399	 UDP 520 > 520
6	5	37.2399	 UDP 520 > 520
6	7	37.2399	 UDP 520 > 520
1	0	37.957	 UDP 520 > 520
1	2	37.957	 UDP 520 > 520
1	5	37.957	 UDP 520 > 520
0	1	38	 UDP 49153 > 9
1	2	38.001	 UDP 49153 > 9
2	3	38.002	 UDP 49153 > 9
3	7	38.003	 UDP 49153 > 9
7	4	38.004	 UDP 9 > 49153
4	5	38.0051	 UDP 9 > 49153
5	1	38.0061	 UDP 9 > 49153
1	0	38.0071	 UDP 9 > 49153
3	2	38.1438	 UDP 520 > 520
3	4	38.1438	 UDP 520 > 520
3	7	38.1438	 UDP 520 > 520
0	1	39	 UDP 49153 > 9
1	2	39.001	 UDP 49153 > 9
2	3	39.002	 UDP 49153 > 9
3	7	39.003	 UDP 49153 > 9
7	4	39.004	 UDP 9 > 49153
4	5	39.0051	 UDP 9 > 49153
5	1	39.0061	 UDP 9 > 49153
1	0	39.0071	 UDP 9 > 49153
0	1	39.9903	 UDP 520 > 520
0	1	40	 UDP 49153 > 9
1	2	40.001	 UDP 49153 > 9
2	3	40.002	 UDP 49153 > 9
3	7	40.003	 UDP 49153 > 9
7	4	40.004	 UDP 9 > 49153
4	5	40.0051	 UDP 9 > 49153
5	1	40.0061	 UDP 9 > 49153
1	0	40.0071	 UDP 9 > 49153
0	1	41	 UDP 49153 > 9
1	2	41.001	 UDP 49153 > 9
2	3	41.002	 UDP 49153 > 9
3	7	41.003	 UDP 49153 > 9
7	4	41.004	 UDP 9 > 49153
4	5	41.0051	 UDP 9 > 49153
5	1	41.0061	 UDP 9 > 49153
1	0	41.0071	 UDP 9 > 49153
6	4	41.0843	 UDP 520 > 520
6	5	41.0843	 UDP 520 > 520
6	7	41.0843	 UDP 520 > 520
7	3	41.3373	 UDP 520 > 520
7	4	41.3373	 UDP 520 > 520
7	6	41.3373	 UDP 520 > 520
0	1	42	 UDP 49153 > 9
1	2	42.001	 UDP 49153 > 9
2	3	42.002	 UDP 49153 > 9
3	7	42.003	 UDP 49153 > 9
7	4	42.004	 UDP 9 > 49153
4	5	42.0051	 UDP 9 > 49153
5	1	42.0061	 UDP 9 > 49153
1	0	42.0071	 UDP 9 > 49153
0	1	43	 UDP 49153 > 9
1	2	43.001	 UDP 49153 > 9
2	3	43.002	 UDP 49153 > 9
3	7	43.003	 UDP 49153 > 9
7	4	43.004	 UDP 9 > 49153
4	5	43.0051	 UDP 9 > 49153
5	1	43.0061	 UDP 9 > 49153
1	0	43.0071	 UDP 9 > 49153
0	1	44	 UDP 49153 > 9
1	2	44.001	 UDP 49153 > 9
2	3	44.002	 UDP 49153 > 9
3	7	44.003	 UDP 49153 > 9
7	4	44.004	 UDP 9 > 49153
4	5	44.0051	 UDP 9 > 49153
5	1	44.0061	 UDP 9 > 49153
1	0	44.0071	 UDP 9 > 49153
0	1	45	 UDP 49153 > 9
1	2	45.001	 UDP 49153 > 9
2	3	45.002	 UDP 49153 > 9
3	7	45.003	 UDP 49153 > 9
7	4	45.004	 UDP 9 > 49153
4	5	45.0051	 UDP 9 > 49153
5	1	45.0061	 UDP 9 > 49153
1	0	45.0071	 UDP 9 > 49153
0	1	46	 UDP 49153 > 9
1	2	46.001	 UDP 49153 > 9
2	3	46.002	 UDP 49153 > 9
3	7	46.003	 UDP 49153 > 9
7	4	46.004	 UDP 9 > 49153
4	5	46.0051	 UDP 9 > 49153
5	1	46.0061	 UDP 9 > 49153
1	0	46.0071	 UDP 9 > 49153
0	1	47	 UDP 49153 > 9
1	2	47.001	 UDP 49153 > 9
2	3	47.002	 UDP 49153 > 9
3	7	47.003	 UDP 49153 > 9
7	4	47.004	 UDP 9 > 49153
4	5	47.0051	 UDP 9 > 49153
5	1	47.0061	 UDP 9 > 49153
1	0	47.0071	 UDP 9 > 49153
0	1	48	 UDP 49153 > 9
1	2	48.001	 UDP 49153 > 9
2	3	48.002	 UDP 49153 > 9
3	7	48.003	 UDP 49153 > 9
7	4	48.004	 UDP 9 > 49153
4	5	48.0051	 UDP 9 > 49153
5	1	48.0061	 UDP 9 > 49153
1	0	48.0071	 UDP 9 > 49153
0	1	49	 UDP 49153 > 9
1	2	49.001	 UDP 49153 > 9
2	3	49.002	 UDP 49153 > 9
3	7	49.003	 UDP 49153 > 9
7	4	49.004	 UDP 9 > 49153
4	5	49.0051	 UDP 9 > 49153
5	1	49.0061	 UDP 9 > 49153
1	0	49.0071	 UDP 9 > 49153
0	1	50	 UDP 49153 > 9
1	2	50.001	 UDP 49153 > 9
2	3	50.002	 UDP 49153 > 9
3	7	50.003	 UDP 49153 > 9
7	4	50.004	 UDP 9 > 49153
4	5	50.0051	 UDP 9 > 49153
5	1	50.0061	 UDP 9 > 49153
1	0	50.0071	 UDP 9 > 49153
0	1	51	 UDP 49153 > 9
1	2	51.001	 UDP 49153 > 9
2	3	51.002	 UDP 49153 > 9
3	7	51.003	 UDP 49153 > 9
7	4	51.004	 UDP 9 > 49153
4	5	51.0051	 UDP 9 > 49153
5	1	51.0061	 UDP 9 > 49153
1	0	51.0071	 UDP 9 > 49153
0	1	52	 UDP 49153 > 9
1	2	52.001	 UDP 49153 > 9
2	3	52.002	 UDP 49153 > 9
3	7	52.003	 UDP 49153 > 9
7	4	52.004	 UDP 9 > 49153
4	5	52.0051	 UDP 9 > 49153
5	1	52.0061	 UDP 9 > 49153
1	0	52.0071	 UDP 9 > 49153
0	1	53	 UDP 49153 > 9
1	2	53.001	 UDP 49153 > 9
2	3	53.002	 UDP 49153 > 9
3	7	53.003	 UDP 49153 > 9
7	4	53.004	 UDP 9 > 49153
4	5	53.0051	 UDP 9 > 49153
5	1	53.0061	 UDP 9 > 49153
1	0	53.0071	 UDP 9 > 49153
0	1	54	 UDP 49153 > 9
1	2	54.001	 UDP 49153 > 9
2	3	54.002	 UDP 49153 > 9
3	7	54.003	 UDP 49153 > 9
7	4	54.004	 UDP 9 > 49153
4	5	54.0051	 UDP 9 > 49153
5	1	54.0061	 UDP 9 > 49153
1	0	54.0071	 UDP 9 > 49153
0	1	55	 UDP 49153 > 9
1	2	55.001	 UDP 49153 > 9
0	1	56	 UDP 49153 > 9
1	2	56.001	 UDP 49153 > 9
0	1	57	 UDP 49153 > 9
1	2	57.001	 UDP 49153 > 9
2	1	57.1561	 UDP 520 > 520
2	4	57.1561	 UDP 520 > 520
0	1	58	 UDP 49153 > 9
3	4	58.6854	 UDP 520 > 520
3	7	58.6854	 UDP 520 > 520
1	0	58.9463	 UDP 520 > 520
1	2	58.9463	 UDP 520 > 520
1	5	58.9463	 UDP 520 > 520
0	1	60.9109	 UDP 520 > 520
7	3	61.3399	 UDP 520 > 520
7	4	61.3399	 UDP 520 > 520
7	6	61.3399	 UDP 520 > 520
1	0	61.7382	 UDP 520 > 520
1	2	61.7382	 UDP 520 > 520
1	5	61.7382	 UDP 520 > 520
3	4	62.5997	 UDP 520 > 520
3	7	62.5997	 UDP 520 > 520
4	2	63.0033	 UDP 520 > 520
4	3	63.0033	 UDP 520 > 520
4	7	63.0033	 UDP 520 > 520
4	5	63.0033	 UDP 520 > 520
4	6	63.0033	 UDP 520 > 520
4	2	64.9556	 UDP 520 > 520
4	3	64.9556	 UDP 520 > 520
4	7	64.9556	 UDP 520 > 520
4	5	64.9556	 UDP 520 > 520
4	6	64.9556	 UDP 520 > 520
6	4	65.2561	 UDP 520 > 520
6	5	65.2561	 UDP 520 > 520
6	7	65.2561	 UDP 520 > 520
2	1	65.4599	 UDP 520 > 520
2	4	65.4599	 UDP 520 > 520
5	1	66.1368	 UDP 520 > 520
5	4	66.1368	 UDP 520 > 520
5	6	66.1368	 UDP 520 > 520
7	3	66.4609	 UDP 520 > 520
7	4	66.4609	 UDP 520 > 520
7	6	66.4609	 UDP 520 > 520
1	0	68.0626	 UDP 520 > 520
1	2	68.0626	 UDP 520 > 520
1	5	68.0626	 UDP 520 > 520
3	4	68.0698	 UDP 520 > 520
3	7	68.0698	 UDP 520 > 520
7	3	68.8649	 UDP 520 > 520
7	4	68.8649	 UDP 520 > 520
7	6	68.8649	 UDP 520 > 520
0	1	69	 UDP 49153 > 9
1	2	69.001	 UDP 49153 > 9
2	4	69.002	 UDP 49153 > 9
4	3	69.003	 UDP 49153 > 9
3	7	69.004	 UDP 49153 > 9
7	4	69.0051	 UDP 9 > 49153
4	5	69.0061	 UDP 9 > 49153
5	1	69.0071	 UDP 9 > 49153
1	0	69.0081	 UDP 9 > 49153
0	1	69.1384	 UDP 520 > 520
0	1	70	 UDP 49153 > 9
1	2	70.001	 UDP 49153 > 9
2	4	70.002	 UDP 49153 > 9
4	3	70.003	 UDP 49153 > 9
3	7	70.004	 UDP 49153 > 9
7	4	70.0051	 UDP 9 > 49153
4	5	70.0061	 UDP 9 > 49153
5	1	70.0071	 UDP 9 > 49153
1	0	70.0081	 UDP 9 > 49153
0	1	71	 UDP 49153 > 9
1	2	71.001	 UDP 49153 > 9
2	4	71.002	 UDP 49153 > 9
4	3	71.003	 UDP 49153 > 9
3	7	71.004	 UDP 49153 > 9
7	4	71.0051	 UDP 9 > 49153
4	5	71.0061	 UDP 9 > 49153
5	1	71.0071	 UDP 9 > 49153
1	0	71.0081	 UDP 9 > 49153
0	1	72	 UDP 49153 > 9
1	2	72.001	 UDP 49153 > 9
2	4	72.002	 UDP 49153 > 9
4	3	72.003	 UDP 49153 > 9
3	7	72.004	 UDP 49153 > 9
7	4	72.0051	 UDP 9 > 49153
4	5	72.0061	 UDP 9 > 49153
5	1	72.0071	 UDP 9 > 49153
1	0	72.0081	 UDP 9 > 49153
0	1	73	 UDP 49153 > 9
1	2	73.001	 UDP 49153 > 9
2	4	73.002	 UDP 49153 > 9
4	3	73.003	 UDP 49153 > 9
3	7	73.004	 UDP 49153 > 9
7	4	73.0051	 UDP 9 > 49153
4	5	73.0061	 UDP 9 > 49153
5	1	73.0071	 UDP 9 > 49153
1	0	73.0081	 UDP 9 > 49153
0	1	74	 UDP 49153 > 9
1	2	74.001	 UDP 49153 > 9
2	4	74.002	 UDP 49153 > 9
4	3	74.003	 UDP 49153 > 9
3	7	74.004	 UDP 49153 > 9
7	4	74.0051	 UDP 9 > 49153
4	5	74.0061	 UDP 9 > 49153
5	1	74.0071	 UDP 9 > 49153
1	0	74.0081	 UDP 9 > 49153
0	1	75	 UDP 49153 > 9
1	2	75.001	 UDP 49153 > 9
2	4	75.002	 UDP 49153 > 9
4	3	75.003	 UDP 49153 > 9
3	7	75.004	 UDP 49153 > 9
7	4	75.0051	 UDP 9 > 49153
4	5	75.0061	 UDP 9 > 49153
5	1	75.0071	 UDP 9 > 49153
1	0	75.0081	 UDP 9 > 49153
0	1	76	 UDP 49153 > 9
1	2	76.001	 UDP 49153 > 9
2	4	76.002	 UDP 49153 > 9
4	3	76.003	 UDP 49153 > 9
3	7	76.004	 UDP 49153 > 9
7	4	76.0051	 UDP 9 > 49153
4	5	76.0061	 UDP 9 > 49153
5	1	76.0071	 UDP 9 > 49153
1	0	76.0081	 UDP 9 > 49153
0	1	77	 UDP 49153 > 9
1	2	77.001	 UDP 49153 > 9
2	4	77.002	 UDP 49153 > 9
4	3	77.003	 UDP 49153 > 9
3	7	77.004	 UDP 49153 > 9
7	4	77.0051	 UDP 9 > 49153
4	5	77.0061	 UDP 9 > 49153
5	1	77.0071	 UDP 9 > 49153
1	0	77.0081	 UDP 9 > 49153
0	1	77.5182	 UDP 520 > 520
0	1	78	 UDP 49153 > 9
1	2	78.001	 UDP 49153 > 9
2	4	78.002	 UDP 49153 > 9
4	3	78.003	 UDP 49153 > 9
3	7	78.004	 UDP 49153 > 9
7	4	78.0051	 UDP 9 > 49153
4	5	78.0061	 UDP 9 > 49153
5	1	78.0071	 UDP 9 > 49153
1	0	78.0081	 UDP 9 > 49153
5	1	78.2519	 UDP 520 > 520
5	4	78.2519	 UDP 520 > 520
5	6	78.2519	 UDP 520 > 520
0	1	79	 UDP 49153 > 9
1	2	79.001	 UDP 49153 > 9
2	4	79.002	 UDP 49153 > 9
4	3	79.003	 UDP 49153 > 9
3	7	79.004	 UDP 49153 > 9
7	4	79.0051	 UDP 9 > 49153
4	5	79.0061	 UDP 9 > 49153
5	1	79.0071	 UDP 9 > 49153
1	0	79.0081	 UDP 9 > 49153
0	1	80	 UDP 49153 > 9
1	2	80.001	 UDP 49153 > 9
2	4	80.002	 UDP 49153 > 9
4	3	80.003	 UDP 49153 > 9
3	7	80.004	 UDP 49153 > 9
7	4	80.0051	 UDP 9 > 49153
4	5	80.0061	 UDP 9 > 49153
5	1	80.0071	 UDP 9 > 49153
1	0	80.0081	 UDP 9 > 49153
0	1	81	 UDP 49153 > 9
1	2	81.001	 UDP 49153 > 9
2	4	81.002	 UDP 49153 > 9
4	3	81.003	 UDP 49153 > 9
3	7	81.004	 UDP 49153 > 9
7	4	81.0051	 UDP 9 > 49153
4	5	81.0061	 UDP 9 > 49153
5	1	81.0071	 UDP 9 > 49153
1	0	81.0081	 UDP 9 > 49153
6	4	81.1249	 UDP 520 > 520
6	5	81.1249	 UDP 520 > 520
6	7	81.1249	 UDP 520 > 520
0	1	82	 UDP 49153 > 9
1	2	82.001	 UDP 49153 > 9
2	4	82.002	 UDP 49153 > 9
4	3	82.003	 UDP 49153 > 9
3	7	82.004	 UDP 49153 > 9
7	4	82.0051	 UDP 9 > 49153
4	5	82.0061	 UDP 9 > 49153
5	1	82.0071	 UDP 9 > 49153
1	0	82.0081	 UDP 9 > 49153
0	1	83	 UDP 49153 > 9
1	2	83.001	 UDP 49153 > 9
2	4	83.002	 UDP 49153 > 9
4	3	83.003	 UDP 49153 > 9
3	7	83.004	 UDP 49153 > 9
7	4	83.0051	 UDP 9 > 49153
4	5	83.0061	 UDP 9 > 49153
5	1	83.0071	 UDP 9 > 49153
1	0	83.0081	 UDP 9 > 49153
0	1	84	 UDP 49153 > 9
1	2	84.001	 UDP 49153 > 9
2	4	84.002	 UDP 49153 > 9
4	3	84.003	 UDP 49153 > 9
3	7	84.004	 UDP 49153 > 9
7	4	84.0051	 UDP 9 > 49153
4	5	84.0061	 UDP 9 > 49153
5	1	84.0071	 UDP 9 > 49153
1	0	84.0081	 UDP 9 > 49153
0	1	85	 UDP 49153 > 9
1	2	85.001	 UDP 49153 > 9
2	4	85.002	 UDP 49153 > 9
4	3	85.003	 UDP 49153 > 9
3	7	85.004	 UDP 49153 > 9
7	4	85.0051	 UDP 9 > 49153
4	5	85.0061	 UDP 9 > 49153
5	1	85.0071	 UDP 9 > 49153
1	0	85.0081	 UDP 9 > 49153
0	1	86	 UDP 49153 > 9
1	2	86.001	 UDP 49153 > 9
2	4	86.002	 UDP 49153 > 9
4	3	86.003	 UDP 49153 > 9
3	7	86.004	 UDP 49153 > 9
7	4	86.0051	 UDP 9 > 49153
4	5	86.0061	 UDP 9 > 49153
5	1	86.0071	 UDP 9 > 49153
1	0	86.0081	 UDP 9 > 49153
0	1	87	 UDP 49153 > 9
1	2	87.001	 UDP 49153 > 9
2	4	87.002	 UDP 49153 > 9
4	3	87.003	 UDP 49153 > 9
3	7	87.004	 UDP 49153 > 9
7	4	87.0051	 UDP 9 > 49153
4	5	87.0061	 UDP 9 > 49153
5	1	87.0071	 UDP 9 > 49153
1	0	87.0081	 UDP 9 > 49153
0	1	88	 UDP 49153 > 9
1	2	88.001	 UDP 49153 > 9
2	4	88.002	 UDP 49153 > 9
4	3	88.003	 UDP 49153 > 9
3	7	88.004	 UDP 49153 > 9
7	4	88.0051	 UDP 9 > 49153
4	5	88.0061	 UDP 9 > 49153
5	1	88.0071	 UDP 9 > 49153
1	0	88.0081	 UDP 9 > 49153
0	1	89	 UDP 49153 > 9
1	2	89.001	 UDP 49153 > 9
2	4	89.002	 UDP 49153 > 9
4	3	89.003	 UDP 49153 > 9
3	7	89.004	 UDP 49153 > 9
7	4	89.0051	 UDP 9 > 49153
4	5	89.0061	 UDP 9 > 49153
5	1	89.0071	 UDP 9 > 49153
1	0	89.0081	 UDP 9 > 49153
0	1	90	 UDP 49153 > 9
1	2	90.001	 UDP 49153 > 9
2	4	90.002	 UDP 49153 > 9
4	3	90.003	 UDP 49153 > 9
3	7	90.004	 UDP 49153 > 9
7	4	90.0051	 UDP 9 > 49153
4	5	90.0061	 UDP 9 > 49153
5	1	90.0071	 UDP 9 > 49153
1	0	90.0081	 UDP 9 > 49153
0	1	91	 UDP 49153 > 9
1	2	91.001	 UDP 49153 > 9
2	4	91.002	 UDP 49153 > 9
4	3	91.003	 UDP 49153 > 9
3	7	91.004	 UDP 49153 > 9
7	4	91.0051	 UDP 9 > 49153
4	5	91.0061	 UDP 9 > 49153
5	1	91.0071	 UDP 9 > 49153
1	0	91.0081	 UDP 9 > 49153
0	1	92	 UDP 49153 > 9
1	2	92.001	 UDP 49153 > 9
2	4	92.002	 UDP 49153 > 9
4	3	92.003	 UDP 49153 > 9
3	7	92.004	 UDP 49153 > 9
7	4	92.0051	 UDP 9 > 49153
4	5	92.0061	 UDP 9 > 49153
5	1	92.0071	 UDP 9 > 49153
1	0	92.0081	 UDP 9 > 49153
0	1	93	 UDP 49153 > 9
1	2	93.001	 UDP 49153 > 9
2	4	93.002	 UDP 49153 > 9
4	3	93.003	 UDP 49153 > 9
3	7	93.004	 UDP 49153 > 9
7	4	93.0051	 UDP 9 > 49153
4	5	93.0061	 UDP 9 > 49153
5	1	93.0071	 UDP 9 > 49153
1	0	93.0081	 UDP 9 > 49153
0	1	94	 UDP 49153 > 9
1	2	94.001	 UDP 49153 > 9
2	4	94.002	 UDP 49153 > 9
4	3	94.003	 UDP 49153 > 9
3	7	94.004	 UDP 49153 > 9
7	4	94.0051	 UDP 9 > 49153
4	5	94.0061	 UDP 9 > 49153
5	1	94.0071	 UDP 9 > 49153
1	0	94.0081	 UDP 9 > 49153
0	1	95	 UDP 49153 > 9
1	2	95.001	 UDP 49153 > 9
2	4	95.002	 UDP 49153 > 9
4	3	95.003	 UDP 49153 > 9
3	7	95.004	 UDP 49153 > 9
7	4	95.0051	 UDP 9 > 49153
4	5	95.0061	 UDP 9 > 49153
5	1	95.0071	 UDP 9 > 49153
1	0	95.0081	 UDP 9 > 49153
0	1	96	 UDP 49153 > 9
1	2	96.001	 UDP 49153 > 9
2	4	96.002	 UDP 49153 > 9
4	3	96.003	 UDP 49153 > 9
3	7	96.004	 UDP 49153 > 9
7	4	96.0051	 UDP 9 > 49153
4	5	96.0061	 UDP 9 > 49153
5	1	96.0071	 UDP 9 > 49153
1	0	96.0081	 UDP 9 > 49153
0	1	97	 UDP 49153 > 9
1	2	97.001	 UDP 49153 > 9
2	4	97.002	 UDP 49153 > 9
4	3	97.003	 UDP 49153 > 9
3	7	97.004	 UDP 49153 > 9
7	4	97.0051	 UDP 9 > 49153
4	5	97.0061	 UDP 9 > 49153
5	1	97.0071	 UDP 9 > 49153
1	0	97.0081	 UDP 9 > 49153
0	1	98	 UDP 49153 > 9
1	2	98.001	 UDP 49153 > 9
2	4	98.002	 UDP 49153 > 9
4	3	98.003	 UDP 49153 > 9
3	7	98.004	 UDP 49153 > 9
7	4	98.0051	 UDP 9 > 49153
4	5	98.0061	 UDP 9 > 49153
5	1	98.0071	 UDP 9 > 49153
1	0	98.0081	 UDP 9 > 49153
1	0	98.9784	 UDP 520 > 520
1	2	98.9784	 UDP 520 > 520
1	5	98.9784	 UDP 520 > 520
0	1	99	 UDP 49153 > 9
1	2	99.001	 UDP 49153 > 9
2	4	99.002	 UDP 49153 > 9
4	3	99.003	 UDP 49153 > 9
3	7	99.004	 UDP 49153 > 9
7	4	99.0051	 UDP 9 > 49153
4	5	99.0061	 UDP 9 > 49153
5	1	99.0071	 UDP 9 > 49153
1	0	99.0081	 UDP 9 > 49153
0	1	100	 UDP 49153 > 9
1	2	100.001	 UDP 49153 > 9
2	4	100.002	 UDP 49153 > 9
4	3	100.003	 UDP 49153 > 9
3	7	100.004	 UDP 49153 > 9
7	4	100.005	 UDP 9 > 49153
4	5	100.006	 UDP 9 > 49153
5	1	100.007	 UDP 9 > 49153
1	0	100.008	 UDP 9 > 49153
4	2	100.811	 UDP 520 > 520
4	3	100.811	 UDP 520 > 520
4	7	100.811	 UDP 520 > 520
4	5	100.811	 UDP 520 > 520
4	6	100.811	 UDP 520 > 520
0	1	101	 UDP 49153 > 9
1	2	101.001	 UDP 49153 > 9
2	4	101.002	 UDP 49153 > 9
4	3	101.003	 UDP 49153 > 9
3	7	101.004	 UDP 49153 > 9
7	4	101.005	 UDP 9 > 49153
4	5	101.006	 UDP 9 > 49153
5	1	101.007	 UDP 9 > 49153
1	0	101.008	 UDP 9 > 49153
0	1	102	 UDP 49153 > 9
1	2	102.001	 UDP 49153 > 9
2	4	102.002	 UDP 49153 > 9
4	3	102.003	 UDP 49153 > 9
3	7	102.004	 UDP 49153 > 9
7	4	102.005	 UDP 9 > 49153
4	5	102.006	 UDP 9 > 49153
5	1	102.007	 UDP 9 > 49153
1	0	102.008	 UDP 9 > 49153
3	4	102.184	 UDP 520 > 520
3	7	102.184	 UDP 520 > 520
3	4	102.195	 UDP 520 > 520
3	7	102.195	 UDP 520 > 520
0	1	103	 UDP 49153 > 9
1	2	103.001	 UDP 49153 > 9
2	4	103.002	 UDP 49153 > 9
4	3	103.003	 UDP 49153 > 9
3	7	103.004	 UDP 49153 > 9
7	4	103.005	 UDP 9 > 49153
4	5	103.006	 UDP 9 > 49153
5	1	103.007	 UDP 9 > 49153
1	0	103.008	 UDP 9 > 49153
2	1	103.544	 UDP 520 > 520
2	4	103.544	 UDP 520 > 520
0	1	104	 UDP 49153 > 9
1	2	104.001	 UDP 49153 > 9
2	4	104.002	 UDP 49153 > 9
4	3	104.003	 UDP 49153 > 9
3	7	104.004	 UDP 49153 > 9
7	4	104.005	 UDP 9 > 49153
4	5	104.006	 UDP 9 > 49153
5	1	104.007	 UDP 9 > 49153
1	0	104.008	 UDP 9 > 49153
0	1	105	 UDP 49153 > 9
1	2	105.001	 UDP 49153 > 9
2	4	105.002	 UDP 49153 > 9
4	3	105.003	 UDP 49153 > 9
3	7	105.004	 UDP 49153 > 9
7	4	105.005	 UDP 9 > 49153
4	5	105.006	 UDP 9 > 49153
5	1	105.007	 UDP 9 > 49153
1	0	105.008	 UDP 9 > 49153
0	1	106	 UDP 49153 > 9
1	2	106.001	 UDP 49153 > 9
2	4	106.002	 UDP 49153 > 9
4	3	106.003	 UDP 49153 > 9
3	7	106.004	 UDP 49153 > 9
7	4	106.005	 UDP 9 > 49153
4	5	106.006	 UDP 9 > 49153
5	1	106.007	 UDP 9 > 49153
1	0	106.008	 UDP 9 > 49153
2	1	106.622	 UDP 520 > 520
2	4	106.622	 UDP 520 > 520
0	1	107	 UDP 49153 > 9
1	2	107.001	 UDP 49153 > 9
2	4	107.002	 UDP 49153 > 9
4	3	107.003	 UDP 49153 > 9
3	7	107.004	 UDP 49153 > 9
7	4	107.005	 UDP 9 > 49153
4	5	107.006	 UDP 9 > 49153
5	1	107.007	 UDP 9 > 49153
1	0	107.008	 UDP 9 > 49153
0	1	108	 UDP 49153 > 9
1	2	108.001	 UDP 49153 > 9
2	4	108.002	 UDP 49153 > 9
4	3	108.003	 UDP 49153 > 9
3	7	108.004	 UDP 49153 > 9
7	4	108.005	 UDP 9 > 49153
4	5	108.006	 UDP 9 > 49153
5	1	108.007	 UDP 9 > 49153
1	0	108.008	 UDP 9 > 49153
0	1	109	 UDP 49153 > 9
1	2	109.001	 UDP 49153 > 9
2	4	109.002	 UDP 49153 > 9
4	3	109.003	 UDP 49153 > 9
3	7	109.004	 UDP 49153 > 9
7	4	109.005	 UDP 9 > 49153
4	5	109.006	 UDP 9 > 49153
5	1	109.007	 UDP 9 > 49153
1	0	109.008	 UDP 9 > 49153
0	1	109.882	 UDP 520 > 520
0	1	110	 UDP 49153 > 9
1	2	110.001	 UDP 49153 > 9
2	4	110.002	 UDP 49153 > 9
4	3	110.003	 UDP 49153 > 9
3	7	110.004	 UDP 49153 > 9
7	4	110.005	 UDP 9 > 49153
4	5	110.006	 UDP 9 > 49153
5	1	110.007	 UDP 9 > 49153
1	0	110.008	 UDP 9 > 49153
0	1	111	 UDP 49153 > 9
1	2	111.001	 UDP 49153 > 9
2	4	111.002	 UDP 49153 > 9
4	3	111.003	 UDP 49153 > 9
3	7	111.004	 UDP 49153 > 9
7	4	111.005	 UDP 9 > 49153
4	5	111.006	 UDP 9 > 49153
5	1	111.007	 UDP 9 > 49153
1	0	111.008	 UDP 9 > 49153
2	1	111.44	 UDP 520 > 520
2	4	111.44	 UDP 520 > 520
0	1	112	 UDP 49153 > 9
1	2	112.001	 UDP 49153 > 9
2	4	112.002	 UDP 49153 > 9
4	3	112.003	 UDP 49153 > 9
3	7	112.004	 UDP 49153 > 9
7	4	112.005	 UDP 9 > 49153
4	5	112.006	 UDP 9 > 49153
5	1	112.007	 UDP 9 > 49153
1	0	112.008	 UDP 9 > 49153
5	1	112.162	 UDP 520 > 520
5	4	112.162	 UDP 520 > 520
5	6	112.162	 UDP 520 > 520
7	3	112.97	 UDP 520 > 520
7	4	112.97	 UDP 520 > 520
7	6	112.97	 UDP 520 > 520
0	1	113	 UDP 49153 > 9
1	2	113.001	 UDP 49153 > 9
2	4	113.002	 UDP 49153 > 9
4	3	113.003	 UDP 49153 > 9
3	7	113.004	 UDP 49153 > 9
7	4	113.005	 UDP 9 > 49153
4	5	113.006	 UDP 9 > 49153
5	1	113.007	 UDP 9 > 49153
1	0	113.008	 UDP 9 > 49153
1	0	113.508	 UDP 520 > 520
1	2	113.508	 UDP 520 > 520
1	5	113.508	 UDP 520 > 520
3	4	113.895	 UDP 520 > 520
3	7	113.895	 UDP 520 > 520
0	1	114	 UDP 49153 > 9
1	2	114.001	 UDP 49153 > 9
2	4	114.002	 UDP 49153 > 9
4	3	114.003	 UDP 49153 > 9
3	7	114.004	 UDP 49153 > 9
7	4	114.005	 UDP 9 > 49153
4	5	114.006	 UDP 9 > 49153
5	1	114.007	 UDP 9 > 49153
1	0	114.008	 UDP 9 > 49153
4	2	114.5	 UDP 520 > 520
4	3	114.5	 UDP 520 > 520
4	7	114.5	 UDP 520 > 520
4	5	114.5	 UDP 520 > 520
4	6	114.5	 UDP 520 > 520
0	1	115	 UDP 49153 > 9
1	2	115.001	 UDP 49153 > 9
2	4	115.002	 UDP 49153 > 9
4	3	115.003	 UDP 49153 > 9
3	7	115.004	 UDP 49153 > 9
7	4	115.005	 UDP 9 > 49153
4	5	115.006	 UDP 9 > 49153
5	1	115.007	 UDP 9 > 49153
1	0	115.008	 UDP 9 > 49153
7	3	115.407	 UDP 520 > 520
7	4	115.407	 UDP 520 > 520
7	6	115.407	 UDP 520 > 520
5	1	115.947	 UDP 520 > 520
5	4	115.947	 UDP 520 > 520
5	6	115.947	 UDP 520 > 520
0	1	116	 UDP 49153 > 9
1	2	116.001	 UDP 49153 > 9
2	4	116.002	 UDP 49153 > 9
4	3	116.003	 UDP 49153 > 9
3	7	116.004	 UDP 49153 > 9
7	4	116.005	 UDP 9 > 49153
4	5	116.006	 UDP 9 > 49153
5	1	116.007	 UDP 9 > 49153
1	0	116.008	 UDP 9 > 49153
0	1	116.558	 UDP 520 > 520
0	1	117	 UDP 49153 > 9
1	2	117.001	 UDP 49153 > 9
2	4	117.002	 UDP 49153 > 9
4	3	117.003	 UDP 49153 > 9
3	7	117.004	 UDP 49153 > 9
7	4	117.005	 UDP 9 > 49153
4	5	117.006	 UDP 9 > 49153
5	1	117.007	 UDP 9 > 49153
1	0	117.008	 UDP 9 > 49153
0	1	118	 UDP 49153 > 9
1	2	118.001	 UDP 49153 > 9
2	4	118.002	 UDP 49153 > 9
4	3	118.003	 UDP 49153 > 9
3	7	118.004	 UDP 49153 > 9
7	4	118.005	 UDP 9 > 49153
4	5	118.006	 UDP 9 > 49153
5	1	118.007	 UDP 9 > 49153
1	0	118.008	 UDP 9 > 49153
0	1	119	 UDP 49153 > 9
1	2	119.001	 UDP 49153 > 9
2	4	119.002	 UDP 49153 > 9
4	3	119.003	 UDP 49153 > 9
3	7	119.004	 UDP 49153 > 9
7	4	119.005	 UDP 9 > 49153
4	5	119.006	 UDP 9 > 49153
5	1	119.007	 UDP 9 > 49153
1	0	119.008	 UDP 9 > 49153
3	4	119.224	 UDP 520 > 520
3	7	119.224	 UDP 520 > 520
6	4	119.321	 UDP 520 > 520
6	5	119.321	 UDP 520 > 520
6	7	119.321	 UDP 520 > 520
0	1	120	 UDP 49153 > 9
1	2	120.001	 UDP 49153 > 9
2	4	120.002	 UDP 49153 > 9
4	3	120.003	 UDP 49153 > 9
3	7	120.004	 UDP 49153 > 9
7	4	120.005	 UDP 9 > 49153
4	5	120.006	 UDP 9 > 49153
5	1	120.007	 UDP 9 > 49153
1	0	120.008	 UDP 9 > 49153
7	3	120.225	 UDP 520 > 520
7	4	120.225	 UDP 520 > 520
7	6	120.225	 UDP 520 > 520
0	1	121	 UDP 49153 > 9
1	2	121.001	 UDP 49153 > 9
2	4	121.002	 UDP 49153 > 9
4	3	121.003	 UDP 49153 > 9
3	7	121.004	 UDP 49153 > 9
7	4	121.005	 UDP 9 > 49153
4	5	121.006	 UDP 9 > 49153
5	1	121.007	 UDP 9 > 49153
1	0	121.008	 UDP 9 > 49153
0	1	122	 UDP 49153 > 9
1	2	122.001	 UDP 49153 > 9
2	4	122.002	 UDP 49153 > 9
4	3	122.003	 UDP 49153 > 9
3	7	122.004	 UDP 49153 > 9
7	4	122.005	 UDP 9 > 49153
4	5	122.006	 UDP 9 > 49153
5	1	122.007	 UDP 9 > 49153
1	0	122.008	 UDP 9 > 49153
6	4	122.541	 UDP 520 > 520
6	5	122.541	 UDP 520 > 520
6	7	122.541	 UDP 520 > 520
0	1	123	 UDP 49153 > 9
1	2	123.001	 UDP 49153 > 9
2	4	123.002	 UDP 49153 > 9
4	3	123.003	 UDP 49153 > 9
3	7	123.004	 UDP 49153 > 9
7	4	123.005	 UDP 9 > 49153
4	5	123.006	 UDP 9 > 49153
5	1	123.007	 UDP 9 > 49153
1	0	123.008	 UDP 9 > 49153
0	1	124	 UDP 49153 > 9
1	2	124.001	 UDP 49153 > 9
2	4	124.002	 UDP 49153 > 9
4	3	124.003	 UDP 49153 > 9
3	7	124.004	 UDP 49153 > 9
7	4	124.005	 UDP 9 > 49153
4	5	124.006	 UDP 9 > 49153
5	1	124.007	 UDP 9 > 49153
1	0	124.008	 UDP 9 > 49153
0	1	125	 UDP 49153 > 9
1	2	125.001	 UDP 49153 > 9
2	4	125.002	 UDP 49153 > 9
4	3	125.003	 UDP 49153 > 9
3	7	125.004	 UDP 49153 > 9
7	4	125.005	 UDP 9 > 49153
4	5	125.006	 UDP 9 > 49153
5	1	125.007	 UDP 9 > 49153
1	0	125.008	 UDP 9 > 49153
0	1	126	 UDP 49153 > 9
1	2	126.001	 UDP 49153 > 9
2	4	126.002	 UDP 49153 > 9
4	3	126.003	 UDP 49153 > 9
3	7	126.004	 UDP 49153 > 9
7	4	126.005	 UDP 9 > 49153
4	5	126.006	 UDP 9 > 49153
5	1	126.007	 UDP 9 > 49153
1	0	126.008	 UDP 9 > 49153
0	1	127	 UDP 49153 > 9
1	2	127.001	 UDP 49153 > 9
2	4	127.002	 UDP 49153 > 9
4	3	127.003	 UDP 49153 > 9
3	7	127.004	 UDP 49153 > 9
7	4	127.005	 UDP 9 > 49153
4	5	127.006	 UDP 9 > 49153
5	1	127.007	 UDP 9 > 49153
1	0	127.008	 UDP 9 > 49153
0	1	128	 UDP 49153 > 9
1	2	128.001	 UDP 49153 > 9
2	4	128.002	 UDP 49153 > 9
4	3	128.003	 UDP 49153 > 9
3	7	128.004	 UDP 49153 > 9
7	4	128.005	 UDP 9 > 49153
4	5	128.006	 UDP 9 > 49153
5	1	128.007	 UDP 9 > 49153
1	0	128.008	 UDP 9 > 49153
0	1	129	 UDP 49153 > 9
1	2	129.001	 UDP 49153 > 9
2	4	129.002	 UDP 49153 > 9
4	3	129.003	 UDP 49153 > 9
3	7	129.004	 UDP 49153 > 9
7	4	129.005	 UDP 9 > 49153
4	5	129.006	 UDP 9 > 49153
5	1	129.007	 UDP 9 > 49153
1	0	129.008	 UDP 9 > 49153
1	0	129.237	 UDP 520 > 520
1	2	129.237	 UDP 520 > 520
1	5	129.237	 UDP 520 > 520
0	1	130	 UDP 49153 > 9
1	2	130.001	 UDP 49153 > 9
2	4	130.002	 UDP 49153 > 9
4	3	130.003	 UDP 49153 > 9
3	7	130.004	 UDP 49153 > 9
7	4	130.005	 UDP 9 > 49153
4	5	130.006	 UDP 9 > 49153
5	1	130.007	 UDP 9 > 49153
1	0	130.008	 UDP 9 > 49153
0	1	131	 UDP 49153 > 9
1	2	131.001	 UDP 49153 > 9
2	4	131.002	 UDP 49153 > 9
4	3	131.003	 UDP 49153 > 9
3	7	131.004	 UDP 49153 > 9
7	4	131.005	 UDP 9 > 49153
4	5	131.006	 UDP 9 > 49153
5	1	131.007	 UDP 9 > 49153
1	0	131.008	 UDP 9 > 49153
0	1	132	 UDP 49153 > 9
1	2	132.001	 UDP 49153 > 9
2	4	132.002	 UDP 49153 > 9
4	3	132.003	 UDP 49153 > 9
3	7	132.004	 UDP 49153 > 9
7	4	132.005	 UDP 9 > 49153
4	5	132.006	 UDP 9 > 49153
5	1	132.007	 UDP 9 > 49153
1	0	132.008	 UDP 9 > 49153
0	1	133	 UDP 49153 > 9
1	2	133.001	 UDP 49153 > 9
2	4	133.002	 UDP 49153 > 9
4	3	133.003	 UDP 49153 > 9
3	7	133.004	 UDP 49153 > 9
7	4	133.005	 UDP 9 > 49153
4	5	133.006	 UDP 9 > 49153
5	1	133.007	 UDP 9 > 49153
1	0	133.008	 UDP 9 > 49153
0	1	134	 UDP 49153 > 9
1	2	134.001	 UDP 49153 > 9
2	4	134.002	 UDP 49153 > 9
4	3	134.003	 UDP 49153 > 9
3	7	134.004	 UDP 49153 > 9
7	4	134.005	 UDP 9 > 49153
4	5	134.006	 UDP 9 > 49153
5	1	134.007	 UDP 9 > 49153
1	0	134.008	 UDP 9 > 49153
0	1	135	 UDP 49153 > 9
1	2	135.001	 UDP 49153 > 9
2	4	135.002	 UDP 49153 > 9
4	3	135.003	 UDP 49153 > 9
3	7	135.004	 UDP 49153 > 9
7	4	135.005	 UDP 9 > 49153
4	5	135.006	 UDP 9 > 49153
5	1	135.007	 UDP 9 > 49153
1	0	135.008	 UDP 9 > 49153
0	1	136	 UDP 49153 > 9
1	2	136.001	 UDP 49153 > 9
2	4	136.002	 UDP 49153 > 9
4	3	136.003	 UDP 49153 > 9
3	7	136.004	 UDP 49153 > 9
7	4	136.005	 UDP 9 > 49153
4	5	136.006	 UDP 9 > 49153
5	1	136.007	 UDP 9 > 49153
1	0	136.008	 UDP 9 > 49153
0	1	137	 UDP 49153 > 9
1	2	137.001	 UDP 49153 > 9
2	4	137.002	 UDP 49153 > 9
4	3	137.003	 UDP 49153 > 9
3	7	137.004	 UDP 49153 > 9
7	4	137.005	 UDP 9 > 49153
4	5	137.006	 UDP 9 > 49153
5	1	137.007	 UDP 9 > 49153
1	0	137.008	 UDP 9 > 49153
0	1	138	 UDP 49153 > 9
1	2	138.001	 UDP 49153 > 9
2	4	138.002	 UDP 49153 > 9
4	3	138.003	 UDP 49153 > 9
3	7	138.004	 UDP 49153 > 9
7	4	138.005	 UDP 9 > 49153
4	5	138.006	 UDP 9 > 49153
5	1	138.007	 UDP 9 > 49153
1	0	138.008	 UDP 9 > 49153
0	1	139	 UDP 49153 > 9
1	2	139.001	 UDP 49153 > 9
2	4	139.002	 UDP 49153 > 9
4	3	139.003	 UDP 49153 > 9
3	7	139.004	 UDP 49153 > 9
7	4	139.005	 UDP 9 > 49153
4	5	139.006	 UDP 9 > 49153
5	1	139.007	 UDP 9 > 49153
1	0	139.008	 UDP 9 > 49153
0	1	140	 UDP 49153 > 9
1	2	140.001	 UDP 49153 > 9
2	4	140.002	 UDP 49153 > 9
4	3	140.003	 UDP 49153 > 9
3	7	140.004	 UDP 49153 > 9
7	4	140.005	 UDP 9 > 49153
4	5	140.006	 UDP 9 > 49153
5	1	140.007	 UDP 9 > 49153
1	0	140.008	 UDP 9 > 49153
4	2	140.229	 UDP 520 > 520
4	3	140.229	 UDP 520 > 520
4	7	140.229	 UDP 520 > 520
4	5	140.229	 UDP 520 > 520
4	6	140.229	 UDP 520 > 520
2	1	140.657	 UDP 520 > 520
2	4	140.657	 UDP 520 > 520
2	3	140.657	 UDP 520 > 520
0	1	141	 UDP 49153 > 9
1	2	141.001	 UDP 49153 > 9
2	4	141.002	 UDP 49153 > 9
4	3	141.003	 UDP 49153 > 9
3	7	141.004	 UDP 49153 > 9
7	4	141.005	 UDP 9 > 49153
4	5	141.006	 UDP 9 > 49153
5	1	141.007	 UDP 9 > 49153
1	0	141.008	 UDP 9 > 49153
0	1	142	 UDP 49153 > 9
1	2	142.001	 UDP 49153 > 9
2	4	142.002	 UDP 49153 > 9
4	3	142.003	 UDP 49153 > 9
3	7	142.004	 UDP 49153 > 9
7	4	142.005	 UDP 9 > 49153
4	5	142.006	 UDP 9 > 49153
5	1	142.007	 UDP 9 > 49153
1	0	142.008	 UDP 9 > 49153
0	1	143	 UDP 49153 > 9
1	2	143.001	 UDP 49153 > 9
2	4	143.002	 UDP 49153 > 9
4	3	143.003	 UDP 49153 > 9
3	7	143.004	 UDP 49153 > 9
7	4	143.005	 UDP 9 > 49153
4	5	143.006	 UDP 9 > 49153
5	1	143.007	 UDP 9 > 49153
1	0	143.008	 UDP 9 > 49153
3	4	143.598	 UDP 520 > 520
3	7	143.598	 UDP 520 > 520
3	2	143.598	 UDP 520 > 520
0	1	144	 UDP 49153 > 9
1	2	144.001	 UDP 49153 > 9
2	3	144.002	 UDP 49153 > 9
3	7	144.003	 UDP 49153 > 9
7	4	144.004	 UDP 9 > 49153
4	5	144.005	 UDP 9 > 49153
5	1	144.006	 UDP 9 > 49153
1	0	144.007	 UDP 9 > 49153
4	2	144.182	 UDP 520 > 520
4	3	144.182	 UDP 520 > 520
4	7	144.182	 UDP 520 > 520
4	5	144.182	 UDP 520 > 520
4	6	144.182	 UDP 520 > 520
1	0	144.702	 UDP 520 > 520
1	2	144.702	 UDP 520 > 520
1	5	144.702	 UDP 520 > 520
0	1	145	 UDP 49153 > 9
1	2	145.001	 UDP 49153 > 9
2	3	145.002	 UDP 49153 > 9
3	7	145.003	 UDP 49153 > 9
7	4	145.004	 UDP 9 > 49153
4	5	145.005	 UDP 9 > 49153
5	1	145.006	 UDP 9 > 49153
1	0	145.007	 UDP 9 > 49153
7	3	145.108	 UDP 520 > 520
7	4	145.108	 UDP 520 > 520
7	6	145.108	 UDP 520 > 520
0	1	146	 UDP 49153 > 9
1	2	146.001	 UDP 49153 > 9
2	3	146.002	 UDP 49153 > 9
3	7	146.003	 UDP 49153 > 9
7	4	146.004	 UDP 9 > 49153
4	5	146.005	 UDP 9 > 49153
5	1	146.006	 UDP 9 > 49153
1	0	146.007	 UDP 9 > 49153
0	1	147	 UDP 49153 > 9
1	2	147.001	 UDP 49153 > 9
2	3	147.002	 UDP 49153 > 9
3	7	147.003	 UDP 49153 > 9
7	4	147.004	 UDP 9 > 49153
4	5	147.005	 UDP 9 > 49153
5	1	147.006	 UDP 9 > 49153
1	0	147.007	 UDP 9 > 49153
0	1	148	 UDP 49153 > 9
1	2	148.001	 UDP 49153 > 9
2	3	148.002	 UDP 49153 > 9
3	7	148.003	 UDP 49153 > 9
7	4	148.004	 UDP 9 > 49153
4	5	148.005	 UDP 9 > 49153
5	1	148.006	 UDP 9 > 49153
1	0	148.007	 UDP 9 > 49153
2	1	148.24	 UDP 520 > 520
2	4	148.24	 UDP 520 > 520
2	3	148.24	 UDP 520 > 520
0	1	149	 UDP 49153 > 9
1	2	149.001	 UDP 49153 > 9
2	3	149.002	 UDP 49153 > 9
3	7	149.003	 UDP 49153 > 9
7	4	149.004	 UDP 9 > 49153
4	5	149.005	 UDP 9 > 49153
5	1	149.006	 UDP 9 > 49153
1	0	149.007	 UDP 9 > 49153
0	1	150	 UDP 49153 > 9
1	2	150.001	 UDP 49153 > 9
2	3	150.002	 UDP 49153 > 9
3	7	150.003	 UDP 49153 > 9
7	4	150.004	 UDP 9 > 49153
4	5	150.005	 UDP 9 > 49153
5	1	150.006	 UDP 9 > 49153
1	0	150.007	 UDP 9 > 49153
5	1	150.025	 UDP 520 > 520
5	4	150.025	 UDP 520 > 520
5	6	150.025	 UDP 520 > 520
0	1	151	 UDP 49153 > 9
1	2	151.001	 UDP 49153 > 9
2	3	151.002	 UDP 49153 > 9
3	7	151.003	 UDP 49153 > 9
7	4	151.004	 UDP 9 > 49153
4	5	151.005	 UDP 9 > 49153
5	1	151.006	 UDP 9 > 49153
1	0	151.007	 UDP 9 > 49153
0	1	151.365	 UDP 520 > 520
0	1	152	 UDP 49153 > 9
1	2	152.001	 UDP 49153 > 9
2	3	152.002	 UDP 49153 > 9
3	7	152.003	 UDP 49153 > 9
7	4	152.004	 UDP 9 > 49153
4	5	152.005	 UDP 9 > 49153
5	1	152.006	 UDP 9 > 49153
1	0	152.007	 UDP 9 > 49153
1	0	152.997	 UDP 520 > 520
1	2	152.997	 UDP 520 > 520
1	5	152.997	 UDP 520 > 520
0	1	153	 UDP 49153 > 9
1	2	153.001	 UDP 49153 > 9
2	3	153.002	 UDP 49153 > 9
3	7	153.003	 UDP 49153 > 9
7	4	153.004	 UDP 9 > 49153
4	5	153.005	 UDP 9 > 49153
5	1	153.006	 UDP 9 > 49153
1	0	153.007	 UDP 9 > 49153
0	1	154	 UDP 49153 > 9
1	2	154.001	 UDP 49153 > 9
2	3	154.002	 UDP 49153 > 9
3	7	154.003	 UDP 49153 > 9
7	4	154.004	 UDP 9 > 49153
4	5	154.005	 UDP 9 > 49153
5	1	154.006	 UDP 9 > 49153
1	0	154.007	 UDP 9 > 49153
7	3	154.453	 UDP 520 > 520
7	4	154.453	 UDP 520 > 520
7	6	154.453	 UDP 520 > 520
0	1	154.46	 UDP 520 > 520
0	1	155	 UDP 49153 > 9
1	2	155.001	 UDP 49153 > 9
2	3	155.002	 UDP 49153 > 9
3	7	155.003	 UDP 49153 > 9
7	4	155.004	 UDP 9 > 49153
4	5	155.005	 UDP 9 > 49153
5	1	155.006	 UDP 9 > 49153
1	0	155.007	 UDP 9 > 49153
0	1	156	 UDP 49153 > 9
1	2	156.001	 UDP 49153 > 9
2	3	156.002	 UDP 49153 > 9
3	7	156.003	 UDP 49153 > 9
7	4	156.004	 UDP 9 > 49153
4	5	156.005	 UDP 9 > 49153
5	1	156.006	 UDP 9 > 49153
1	0	156.007	 UDP 9 > 49153
0	1	157	 UDP 49153 > 9
1	2	157.001	 UDP 49153 > 9
2	3	157.002	 UDP 49153 > 9
3	7	157.003	 UDP 49153 > 9
7	4	157.004	 UDP 9 > 49153
4	5	157.005	 UDP 9 > 49153
5	1	157.006	 UDP 9 > 49153
1	0	157.007	 UDP 9 > 49153
0	1	158	 UDP 49153 > 9
1	2	158.001	 UDP 49153 > 9
2	3	158.002	 UDP 49153 > 9
3	7	158.003	 UDP 49153 > 9
7	4	158.004	 UDP 9 > 49153
4	5	158.005	 UDP 9 > 49153
5	1	158.006	 UDP 9 > 49153
1	0	158.007	 UDP 9 > 49153
0	1	159	 UDP 49153 > 9
1	2	159.001	 UDP 49153 > 9
2	3	159.002	 UDP 49153 > 9
3	7	159.003	 UDP 49153 > 9
7	4	159.004	 UDP 9 > 49153
4	5	159.005	 UDP 9 > 49153
5	1	159.006	 UDP 9 > 49153
1	0	159.007	 UDP 9 > 49153
6	4	159.662	 UDP 520 > 520
6	5	159.662	 UDP 520 > 520
6	7	159.662	 UDP 520 > 520
0	1	160	 UDP 49153 > 9
1	2	160.001	 UDP 49153 > 9
2	3	160.002	 UDP 49153 > 9
3	7	160.003	 UDP 49153 > 9
7	4	160.004	 UDP 9 > 49153
4	5	160.005	 UDP 9 > 49153
5	1	160.006	 UDP 9 > 49153
1	0	160.007	 UDP 9 > 49153
0	1	161	 UDP 49153 > 9
1	2	161.001	 UDP 49153 > 9
2	3	161.002	 UDP 49153 > 9
3	7	161.003	 UDP 49153 > 9
7	4	161.004	 UDP 9 > 49153
4	5	161.005	 UDP 9 > 49153
5	1	161.006	 UDP 9 > 49153
1	0	161.007	 UDP 9 > 49153
0	1	162	 UDP 49153 > 9
1	2	162.001	 UDP 49153 > 9
2	3	162.002	 UDP 49153 > 9
3	7	162.003	 UDP 49153 > 9
7	4	162.004	 UDP 9 > 49153
4	5	162.005	 UDP 9 > 49153
5	1	162.006	 UDP 9 > 49153
1	0	162.007	 UDP 9 > 49153
0	1	163	 UDP 49153 > 9
1	2	163.001	 UDP 49153 > 9
2	3	163.002	 UDP 49153 > 9
3	7	163.003	 UDP 49153 > 9
7	4	163.004	 UDP 9 > 49153
4	5	163.005	 UDP 9 > 49153
5	1	163.006	 UDP 9 > 49153
1	0	163.007	 UDP 9 > 49153
0	1	164	 UDP 49153 > 9
1	2	164.001	 UDP 49153 > 9
2	3	164.002	 UDP 49153 > 9
3	7	164.003	 UDP 49153 > 9
7	4	164.004	 UDP 9 > 49153
4	5	164.005	 UDP 9 > 49153
5	1	164.006	 UDP 9 > 49153
1	0	164.007	 UDP 9 > 49153
0	1	165	 UDP 49153 > 9
1	2	165.001	 UDP 49153 > 9
2	3	165.002	 UDP 49153 > 9
3	7	165.003	 UDP 49153 > 9
7	4	165.004	 UDP 9 > 49153
4	5	165.005	 UDP 9 > 49153
5	1	165.006	 UDP 9 > 49153
1	0	165.007	 UDP 9 > 49153
0	1	166	 UDP 49153 > 9
1	2	166.001	 UDP 49153 > 9
2	3	166.002	 UDP 49153 > 9
3	7	166.003	 UDP 49153 > 9
7	4	166.004	 UDP 9 > 49153
4	5	166.005	 UDP 9 > 49153
5	1	166.006	 UDP 9 > 49153
1	0	166.007	 UDP 9 > 49153
0	1	167	 UDP 49153 > 9
1	2	167.001	 UDP 49153 > 9
2	3	167.002	 UDP 49153 > 9
3	7	167.003	 UDP 49153 > 9
7	4	167.004	 UDP 9 > 49153
4	5	167.005	 UDP 9 > 49153
5	1	167.006	 UDP 9 > 49153
1	0	167.007	 UDP 9 > 49153
0	1	168	 UDP 49153 > 9
1	2	168.001	 UDP 49153 > 9
2	3	168.002	 UDP 49153 > 9
3	7	168.003	 UDP 49153 > 9
7	4	168.004	 UDP 9 > 49153
4	5	168.005	 UDP 9 > 49153
5	1	168.006	 UDP 9 > 49153
1	0	168.007	 UDP 9 > 49153
0	1	169	 UDP 49153 > 9
1	2	169.001	 UDP 49153 > 9
2	3	169.002	 UDP 49153 > 9
3	7	169.003	 UDP 49153 > 9
7	4	169.004	 UDP 9 > 49153
4	5	169.005	 UDP 9 > 49153
5	1	169.006	 UDP 9 > 49153
1	0	169.007	 UDP 9 > 49153
1	0	169.602	 UDP 520 > 520
1	2	169.602	 UDP 520 > 520
1	5	169.602	 UDP 520 > 520
0	1	170	 UDP 49153 > 9
1	2	170.001	 UDP 49153 > 9
2	3	170.002	 UDP 49153 > 9
3	7	170.003	 UDP 49153 > 9
7	4	170.004	 UDP 9 > 49153
4	5	170.005	 UDP 9 > 49153
5	1	170.006	 UDP 9 > 49153
1	0	170.007	 UDP 9 > 49153
0	1	171	 UDP 49153 > 9
1	2	171.001	 UDP 49153 > 9
2	3	171.002	 UDP 49153 > 9
3	7	171.003	 UDP 49153 > 9
7	4	171.004	 UDP 9 > 49153
4	5	171.005	 UDP 9 > 49153
5	1	171.006	 UDP 9 > 49153
1	0	171.007	 UDP 9 > 49153
0	1	172	 UDP 49153 > 9
1	2	172.001	 UDP 49153 > 9
2	3	172.002	 UDP 49153 > 9
3	7	172.003	 UDP 49153 > 9
7	4	172.004	 UDP 9 > 49153
4	5	172.005	 UDP 9 > 49153
5	1	172.006	 UDP 9 > 49153
1	0	172.007	 UDP 9 > 49153
0	1	173	 UDP 49153 > 9
1	2	173.001	 UDP 49153 > 9
2	3	173.002	 UDP 49153 > 9
3	7	173.003	 UDP 49153 > 9
7	4	173.004	 UDP 9 > 49153
4	5	173.005	 UDP 9 > 49153
5	1	173.006	 UDP 9 > 49153
1	0	173.007	 UDP 9 > 49153
2	1	173.322	 UDP 520 > 520
2	4	173.322	 UDP 520 > 520
2	3	173.322	 UDP 520 > 520
0	1	174	 UDP 49153 > 9
1	2	174.001	 UDP 49153 > 9
2	3	174.002	 UDP 49153 > 9
3	7	174.003	 UDP 49153 > 9
7	4	174.004	 UDP 9 > 49153
4	5	174.005	 UDP 9 > 49153
5	1	174.006	 UDP 9 > 49153
1	0	174.007	 UDP 9 > 49153
0	1	175	 UDP 49153 > 9
1	2	175.001	 UDP 49153 > 9
2	3	175.002	 UDP 49153 > 9
3	7	175.003	 UDP 49153 > 9
7	4	175.004	 UDP 9 > 49153
4	5	175.005	 UDP 9 > 49153
5	1	175.006	 UDP 9 > 49153
1	0	175.007	 UDP 9 > 49153
1	0	175.702	 UDP 520 > 520
1	2	175.702	 UDP 520 > 520
1	5	175.702	 UDP 520 > 520
0	1	176	 UDP 49153 > 9
1	2	176.001	 UDP 49153 > 9
2	3	176.002	 UDP 49153 > 9
3	7	176.003	 UDP 49153 > 9
7	4	176.004	 UDP 9 > 49153
4	5	176.005	 UDP 9 > 49153
5	1	176.006	 UDP 9 > 49153
1	0	176.007	 UDP 9 > 49153
0	1	177	 UDP 49153 > 9
1	2	177.001	 UDP 49153 > 9
2	3	177.002	 UDP 49153 > 9
3	7	177.003	 UDP 49153 > 9
7	4	177.004	 UDP 9 > 49153
4	5	177.005	 UDP 9 > 49153
5	1	177.006	 UDP 9 > 49153
1	0	177.007	 UDP 9 > 49153
4	2	177.346	 UDP 520 > 520
4	3	177.346	 UDP 520 > 520
4	7	177.346	 UDP 520 > 520
4	5	177.346	 UDP 520 > 520
4	6	177.346	 UDP 520 > 520
0	1	178	 UDP 49153 > 9
1	2	178.001	 UDP 49153 > 9
2	3	178.002	 UDP 49153 > 9
3	7	178.003	 UDP 49153 > 9
7	4	178.004	 UDP 9 > 49153
4	5	178.005	 UDP 9 > 49153
5	1	178.006	 UDP 9 > 49153
1	0	178.007	 UDP 9 > 49153
0	1	179	 UDP 49153 > 9
1	2	179.001	 UDP 49153 > 9
2	3	179.002	 UDP 49153 > 9
3	7	179.003	 UDP 49153 > 9
7	4	179.004	 UDP 9 > 49153
4	5	179.005	 UDP 9 > 49153
5	1	179.006	 UDP 9 > 49153
1	0	179.007	 UDP 9 > 49153
