0	3	110	 UDP 49153 > 9
3	2	110.001	 UDP 49153 > 9
2	5	110.003	 UDP 49153 > 9
5	2	110.004	 UDP 9 > 49153
2	3	110.005	 UDP 9 > 49153
3	0	110.007	 UDP 9 > 49153
3	0	110.084	OLSR
3	2	110.084	OLSR
3	4	110.084	OLSR
1	0	110.097	OLSR
1	2	110.097	OLSR
1	4	110.097	OLSR
2	1	110.155	OLSR
2	3	110.155	OLSR
2	5	110.155	OLSR
3	0	110.193	OLSR
3	2	110.193	OLSR
3	4	110.193	OLSR
5	2	110.307	OLSR
5	4	110.307	OLSR
0	1	110.318	OLSR
0	3	110.318	OLSR
4	1	110.344	OLSR
4	3	110.344	OLSR
4	5	110.344	OLSR
5	2	110.536	OLSR
5	4	110.536	OLSR
1	0	110.542	OLSR
1	2	110.542	OLSR
1	4	110.542	OLSR
0	1	110.651	OLSR
0	3	110.651	OLSR
3	0	110.708	OLSR
3	2	110.708	OLSR
3	4	110.708	OLSR
2	1	110.753	OLSR
2	3	110.753	OLSR
2	5	110.753	OLSR
4	1	110.945	OLSR
4	3	110.945	OLSR
4	5	110.945	OLSR
0	3	111	 UDP 49153 > 9
3	2	111.001	 UDP 49153 > 9
2	5	111.003	 UDP 49153 > 9
5	2	111.004	 UDP 9 > 49153
2	3	111.005	 UDP 9 > 49153
3	0	111.007	 UDP 9 > 49153
5	2	111.197	OLSR
5	4	111.197	OLSR
0	3	112	 UDP 49153 > 9
3	2	112.001	 UDP 49153 > 9
2	5	112.003	 UDP 49153 > 9
5	2	112.004	 UDP 9 > 49153
2	3	112.005	 UDP 9 > 49153
3	0	112.007	 UDP 9 > 49153
2	1	112.11	OLSR
2	3	112.11	OLSR
2	5	112.11	OLSR
3	0	112.204	OLSR
3	2	112.204	OLSR
3	4	112.204	OLSR
4	1	112.221	OLSR
4	3	112.221	OLSR
4	5	112.221	OLSR
0	1	112.265	OLSR
0	3	112.265	OLSR
1	0	112.301	OLSR
1	2	112.301	OLSR
1	4	112.301	OLSR
5	2	112.436	OLSR
5	4	112.436	OLSR
0	3	113	 UDP 49153 > 9
3	4	113.001	 UDP 49153 > 9
4	5	113.002	 UDP 49153 > 9
5	2	113.003	 UDP 9 > 49153
2	1	113.004	 UDP 9 > 49153
1	0	113.005	 UDP 9 > 49153
0	3	114	 UDP 49153 > 9
3	4	114.001	 UDP 49153 > 9
4	5	114.002	 UDP 49153 > 9
5	2	114.003	 UDP 9 > 49153
2	1	114.004	 UDP 9 > 49153
1	0	114.005	 UDP 9 > 49153
5	2	114.069	OLSR
5	4	114.069	OLSR
1	0	114.105	OLSR
1	2	114.105	OLSR
1	4	114.105	OLSR
0	1	114.12	OLSR
0	3	114.12	OLSR
3	0	114.151	OLSR
3	2	114.151	OLSR
3	4	114.151	OLSR
2	1	114.201	OLSR
2	3	114.201	OLSR
2	5	114.201	OLSR
4	1	114.303	OLSR
4	3	114.303	OLSR
4	5	114.303	OLSR
0	1	115	 UDP 49153 > 9
1	2	115.001	 UDP 49153 > 9
2	5	115.002	 UDP 49153 > 9
5	4	115.003	 UDP 9 > 49153
4	3	115.004	 UDP 9 > 49153
3	0	115.005	 UDP 9 > 49153
3	0	115.015	OLSR
3	2	115.015	OLSR
3	4	115.015	OLSR
5	2	115.026	OLSR
5	4	115.026	OLSR
2	1	115.155	OLSR
2	3	115.155	OLSR
2	5	115.155	OLSR
1	0	115.176	OLSR
1	2	115.176	OLSR
1	4	115.176	OLSR
4	1	115.229	OLSR
4	3	115.229	OLSR
4	5	115.229	OLSR
1	0	115.294	OLSR
1	2	115.294	OLSR
1	4	115.294	OLSR
0	1	115.401	OLSR
0	3	115.401	OLSR
5	2	115.539	OLSR
5	4	115.539	OLSR
3	0	115.601	OLSR
3	2	115.601	OLSR
3	4	115.601	OLSR
1	0	115.685	OLSR
1	2	115.685	OLSR
1	4	115.685	OLSR
2	1	115.718	OLSR
2	3	115.718	OLSR
2	5	115.718	OLSR
5	2	115.791	OLSR
5	4	115.791	OLSR
0	1	116	 UDP 49153 > 9
1	2	116.001	 UDP 49153 > 9
2	5	116.002	 UDP 49153 > 9
5	4	116.003	 UDP 9 > 49153
4	3	116.004	 UDP 9 > 49153
3	0	116.005	 UDP 9 > 49153
3	0	116.076	OLSR
3	2	116.076	OLSR
3	4	116.076	OLSR
4	1	116.079	OLSR
4	3	116.079	OLSR
4	5	116.079	OLSR
0	1	116.196	OLSR
0	3	116.196	OLSR
1	0	116.308	OLSR
1	2	116.308	OLSR
1	4	116.308	OLSR
5	2	116.422	OLSR
5	4	116.422	OLSR
2	1	116.477	OLSR
2	3	116.477	OLSR
2	5	116.477	OLSR
0	1	117	 UDP 49153 > 9
1	2	117.001	 UDP 49153 > 9
2	5	117.002	 UDP 49153 > 9
5	4	117.003	 UDP 9 > 49153
4	3	117.004	 UDP 9 > 49153
3	0	117.005	 UDP 9 > 49153
0	1	118	 UDP 49153 > 9
1	2	118.001	 UDP 49153 > 9
2	5	118.002	 UDP 49153 > 9
5	4	118.003	 UDP 9 > 49153
4	3	118.004	 UDP 9 > 49153
3	0	118.005	 UDP 9 > 49153
5	2	118.023	OLSR
5	4	118.023	OLSR
2	1	118.112	OLSR
2	3	118.112	OLSR
2	5	118.112	OLSR
0	1	118.179	OLSR
0	3	118.179	OLSR
3	0	118.206	OLSR
3	2	118.206	OLSR
3	4	118.206	OLSR
1	0	118.333	OLSR
1	2	118.333	OLSR
1	4	118.333	OLSR
4	1	118.42	OLSR
4	3	118.42	OLSR
4	5	118.42	OLSR
0	1	119	 UDP 49153 > 9
1	2	119.001	 UDP 49153 > 9
2	5	119.002	 UDP 49153 > 9
5	4	119.003	 UDP 9 > 49153
4	3	119.004	 UDP 9 > 49153
3	0	119.005	 UDP 9 > 49153
0	1	120	 UDP 49153 > 9
1	2	120.001	 UDP 49153 > 9
2	5	120.002	 UDP 49153 > 9
5	4	120.003	 UDP 9 > 49153
4	3	120.004	 UDP 9 > 49153
3	0	120.005	 UDP 9 > 49153
4	1	120.143	OLSR
4	3	120.143	OLSR
4	5	120.143	OLSR
5	2	120.242	OLSR
5	4	120.242	OLSR
2	1	120.25	OLSR
2	3	120.25	OLSR
2	5	120.25	OLSR
1	0	120.405	OLSR
1	2	120.405	OLSR
1	4	120.405	OLSR
3	0	120.445	OLSR
3	2	120.445	OLSR
3	4	120.445	OLSR
0	1	120.491	OLSR
0	3	120.491	OLSR
4	1	120.679	OLSR
4	3	120.679	OLSR
4	5	120.679	OLSR
2	1	120.884	OLSR
2	3	120.884	OLSR
2	5	120.884	OLSR
1	0	120.984	OLSR
1	2	120.984	OLSR
1	4	120.984	OLSR
0	1	121	 UDP 49153 > 9
1	2	121.001	 UDP 49153 > 9
2	5	121.002	 UDP 49153 > 9
5	4	121.003	 UDP 9 > 49153
4	3	121.004	 UDP 9 > 49153
3	0	121.005	 UDP 9 > 49153
4	1	121.316	OLSR
4	3	121.316	OLSR
4	5	121.316	OLSR
0	1	121.38	OLSR
0	3	121.38	OLSR
0	1	122	 UDP 49153 > 9
1	2	122.001	 UDP 49153 > 9
2	5	122.002	 UDP 49153 > 9
5	4	122.003	 UDP 9 > 49153
4	3	122.004	 UDP 9 > 49153
3	0	122.005	 UDP 9 > 49153
5	2	122.092	OLSR
5	4	122.092	OLSR
3	0	122.2	OLSR
3	2	122.2	OLSR
3	4	122.2	OLSR
0	1	122.257	OLSR
0	3	122.257	OLSR
4	1	122.278	OLSR
4	3	122.278	OLSR
4	5	122.278	OLSR
2	1	122.432	OLSR
2	3	122.432	OLSR
2	5	122.432	OLSR
1	0	122.434	OLSR
1	2	122.434	OLSR
1	4	122.434	OLSR
0	1	123	 UDP 49153 > 9
1	2	123.001	 UDP 49153 > 9
2	5	123.002	 UDP 49153 > 9
5	4	123.003	 UDP 9 > 49153
4	3	123.004	 UDP 9 > 49153
3	0	123.005	 UDP 9 > 49153
0	1	124	 UDP 49153 > 9
1	2	124.001	 UDP 49153 > 9
2	5	124.002	 UDP 49153 > 9
5	4	124.003	 UDP 9 > 49153
4	3	124.004	 UDP 9 > 49153
3	0	124.005	 UDP 9 > 49153
0	1	124.093	OLSR
0	3	124.093	OLSR
1	0	124.147	OLSR
1	2	124.147	OLSR
1	4	124.147	OLSR
3	0	124.204	OLSR
3	2	124.204	OLSR
3	4	124.204	OLSR
2	1	124.267	OLSR
2	3	124.267	OLSR
2	5	124.267	OLSR
4	1	124.282	OLSR
4	3	124.282	OLSR
4	5	124.282	OLSR
5	2	124.368	OLSR
5	4	124.368	OLSR
0	1	125	 UDP 49153 > 9
1	2	125.001	 UDP 49153 > 9
2	5	125.002	 UDP 49153 > 9
5	4	125.003	 UDP 9 > 49153
4	3	125.004	 UDP 9 > 49153
3	0	125.005	 UDP 9 > 49153
1	0	125.089	OLSR
1	2	125.089	OLSR
1	4	125.089	OLSR
0	1	125.141	OLSR
0	3	125.141	OLSR
2	1	125.149	OLSR
2	3	125.149	OLSR
2	5	125.149	OLSR
3	0	125.228	OLSR
3	2	125.228	OLSR
3	4	125.228	OLSR
5	2	125.239	OLSR
5	4	125.239	OLSR
4	1	125.285	OLSR
4	3	125.285	OLSR
4	5	125.285	OLSR
1	0	125.436	OLSR
1	2	125.436	OLSR
1	4	125.436	OLSR
2	1	125.519	OLSR
2	3	125.519	OLSR
2	5	125.519	OLSR
0	1	125.628	OLSR
0	3	125.628	OLSR
4	1	125.9	OLSR
4	3	125.9	OLSR
4	5	125.9	OLSR
0	3	126	 UDP 49153 > 9
3	4	126.001	 UDP 49153 > 9
4	5	126.002	 UDP 49153 > 9
5	2	126.003	 UDP 9 > 49153
2	1	126.004	 UDP 9 > 49153
1	0	126.005	 UDP 9 > 49153
2	1	126.096	OLSR
2	3	126.096	OLSR
2	5	126.096	OLSR
0	1	126.127	OLSR
0	3	126.127	OLSR
4	1	126.193	OLSR
4	3	126.193	OLSR
4	5	126.193	OLSR
3	0	126.203	OLSR
3	2	126.203	OLSR
3	4	126.203	OLSR
5	2	126.434	OLSR
5	4	126.434	OLSR
1	0	126.492	OLSR
1	2	126.492	OLSR
1	4	126.492	OLSR
0	3	127	 UDP 49153 > 9
3	4	127.001	 UDP 49153 > 9
4	5	127.002	 UDP 49153 > 9
5	2	127.003	 UDP 9 > 49153
2	1	127.004	 UDP 9 > 49153
1	0	127.005	 UDP 9 > 49153
0	3	128	 UDP 49153 > 9
3	4	128.001	 UDP 49153 > 9
4	5	128.002	 UDP 49153 > 9
5	2	128.003	 UDP 9 > 49153
2	1	128.004	 UDP 9 > 49153
1	0	128.005	 UDP 9 > 49153
0	1	128.216	OLSR
0	3	128.216	OLSR
4	1	128.276	OLSR
4	3	128.276	OLSR
4	5	128.276	OLSR
2	1	128.338	OLSR
2	3	128.338	OLSR
2	5	128.338	OLSR
3	0	128.366	OLSR
3	2	128.366	OLSR
3	4	128.366	OLSR
5	2	128.379	OLSR
5	4	128.379	OLSR
1	0	128.446	OLSR
1	2	128.446	OLSR
1	4	128.446	OLSR
0	3	129	 UDP 49153 > 9
3	4	129.001	 UDP 49153 > 9
4	5	129.002	 UDP 49153 > 9
5	2	129.003	 UDP 9 > 49153
2	1	129.004	 UDP 9 > 49153
1	0	129.005	 UDP 9 > 49153
0	3	130	 UDP 49153 > 9
3	4	130.001	 UDP 49153 > 9
4	5	130.002	 UDP 49153 > 9
5	2	130.003	 UDP 9 > 49153
2	1	130.004	 UDP 9 > 49153
1	0	130.005	 UDP 9 > 49153
3	0	130.036	OLSR
3	2	130.036	OLSR
3	4	130.036	OLSR
4	1	130.234	OLSR
4	3	130.234	OLSR
4	5	130.234	OLSR
5	2	130.25	OLSR
5	4	130.25	OLSR
2	1	130.3	OLSR
2	3	130.3	OLSR
2	5	130.3	OLSR
1	0	130.414	OLSR
1	2	130.414	OLSR
1	4	130.414	OLSR
0	1	130.471	OLSR
0	3	130.471	OLSR
4	1	130.471	OLSR
4	3	130.471	OLSR
4	5	130.471	OLSR
3	0	130.509	OLSR
3	2	130.509	OLSR
3	4	130.509	OLSR
1	0	130.74	OLSR
1	2	130.74	OLSR
1	4	130.74	OLSR
0	1	130.918	OLSR
0	3	130.918	OLSR
4	1	130.986	OLSR
4	3	130.986	OLSR
4	5	130.986	OLSR
0	3	131	 UDP 49153 > 9
3	4	131.001	 UDP 49153 > 9
4	5	131.002	 UDP 49153 > 9
5	2	131.003	 UDP 9 > 49153
2	1	131.004	 UDP 9 > 49153
1	0	131.005	 UDP 9 > 49153
0	3	132	 UDP 49153 > 9
3	4	132.001	 UDP 49153 > 9
4	5	132.002	 UDP 49153 > 9
5	2	132.003	 UDP 9 > 49153
2	1	132.004	 UDP 9 > 49153
1	0	132.005	 UDP 9 > 49153
4	1	132.114	OLSR
4	3	132.114	OLSR
4	5	132.114	OLSR
0	1	132.222	OLSR
0	3	132.222	OLSR
3	0	132.28	OLSR
3	2	132.28	OLSR
3	4	132.28	OLSR
5	2	132.295	OLSR
5	4	132.295	OLSR
1	0	132.37	OLSR
1	2	132.37	OLSR
1	4	132.37	OLSR
2	1	132.419	OLSR
2	3	132.419	OLSR
2	5	132.419	OLSR
0	3	133	 UDP 49153 > 9
3	4	133.001	 UDP 49153 > 9
4	5	133.002	 UDP 49153 > 9
5	2	133.003	 UDP 9 > 49153
2	1	133.004	 UDP 9 > 49153
1	0	133.005	 UDP 9 > 49153
0	3	134	 UDP 49153 > 9
3	4	134.001	 UDP 49153 > 9
4	5	134.002	 UDP 49153 > 9
5	2	134.003	 UDP 9 > 49153
2	1	134.004	 UDP 9 > 49153
1	0	134.005	 UDP 9 > 49153
0	1	134.037	OLSR
0	3	134.037	OLSR
4	1	134.083	OLSR
4	3	134.083	OLSR
4	5	134.083	OLSR
5	2	134.298	OLSR
5	4	134.298	OLSR
2	1	134.319	OLSR
2	3	134.319	OLSR
2	5	134.319	OLSR
3	0	134.436	OLSR
3	2	134.436	OLSR
3	4	134.436	OLSR
1	0	134.439	OLSR
1	2	134.439	OLSR
1	4	134.439	OLSR
0	3	135	 UDP 49153 > 9
0	1	135.001	OLSR
0	3	135.001	OLSR
3	4	135.001	 UDP 49153 > 9
4	5	135.002	 UDP 49153 > 9
5	2	135.003	 UDP 9 > 49153
2	1	135.004	 UDP 9 > 49153
1	0	135.005	 UDP 9 > 49153
2	1	135.127	OLSR
2	3	135.127	OLSR
2	5	135.127	OLSR
1	0	135.152	OLSR
1	2	135.152	OLSR
1	4	135.152	OLSR
5	2	135.177	OLSR
5	4	135.177	OLSR
0	1	135.271	OLSR
0	3	135.271	OLSR
3	0	135.336	OLSR
3	2	135.336	OLSR
3	4	135.336	OLSR
4	1	135.478	OLSR
4	3	135.478	OLSR
4	5	135.478	OLSR
2	1	135.514	OLSR
2	3	135.514	OLSR
2	5	135.514	OLSR
1	0	135.844	OLSR
1	2	135.844	OLSR
1	4	135.844	OLSR
0	1	135.846	OLSR
0	3	135.846	OLSR
0	3	136	 UDP 49153 > 9
3	4	136.001	 UDP 49153 > 9
4	5	136.002	 UDP 49153 > 9
2	1	136.003	OLSR
2	3	136.003	OLSR
2	5	136.003	OLSR
5	2	136.003	 UDP 9 > 49153
2	1	136.004	 UDP 9 > 49153
1	0	136.005	 UDP 9 > 49153
0	1	136.182	OLSR
0	3	136.182	OLSR
3	0	136.317	OLSR
3	2	136.317	OLSR
3	4	136.317	OLSR
4	1	136.463	OLSR
4	3	136.463	OLSR
4	5	136.463	OLSR
5	2	136.471	OLSR
5	4	136.471	OLSR
1	0	136.485	OLSR
1	2	136.485	OLSR
1	4	136.485	OLSR
0	3	137	 UDP 49153 > 9
3	4	137.001	 UDP 49153 > 9
4	5	137.002	 UDP 49153 > 9
5	2	137.003	 UDP 9 > 49153
2	1	137.004	 UDP 9 > 49153
1	0	137.005	 UDP 9 > 49153
0	3	138	 UDP 49153 > 9
3	4	138.001	 UDP 49153 > 9
4	5	138.002	 UDP 49153 > 9
5	2	138.003	 UDP 9 > 49153
2	1	138.004	 UDP 9 > 49153
1	0	138.005	 UDP 9 > 49153
4	1	138.013	OLSR
4	3	138.013	OLSR
4	5	138.013	OLSR
3	0	138.052	OLSR
3	2	138.052	OLSR
3	4	138.052	OLSR
2	1	138.166	OLSR
2	3	138.166	OLSR
2	5	138.166	OLSR
1	0	138.194	OLSR
1	2	138.194	OLSR
1	4	138.194	OLSR
5	2	138.271	OLSR
5	4	138.271	OLSR
0	1	138.279	OLSR
0	3	138.279	OLSR
0	3	139	 UDP 49153 > 9
3	4	139.001	 UDP 49153 > 9
4	5	139.002	 UDP 49153 > 9
5	2	139.003	 UDP 9 > 49153
2	1	139.004	 UDP 9 > 49153
1	0	139.005	 UDP 9 > 49153
0	3	140	 UDP 49153 > 9
3	4	140.001	 UDP 49153 > 9
4	5	140.002	 UDP 49153 > 9
5	2	140.003	 UDP 9 > 49153
0	1	140.003	OLSR
0	3	140.003	OLSR
2	1	140.004	 UDP 9 > 49153
1	0	140.005	 UDP 9 > 49153
2	1	140.02	OLSR
2	3	140.02	OLSR
2	5	140.02	OLSR
4	1	140.261	OLSR
4	3	140.261	OLSR
4	5	140.261	OLSR
5	2	140.335	OLSR
5	4	140.335	OLSR
3	0	140.441	OLSR
3	2	140.441	OLSR
3	4	140.441	OLSR
1	0	140.442	OLSR
1	2	140.442	OLSR
1	4	140.442	OLSR
4	1	140.572	OLSR
4	3	140.572	OLSR
4	5	140.572	OLSR
2	1	140.681	OLSR
2	3	140.681	OLSR
2	5	140.681	OLSR
0	1	140.922	OLSR
0	3	140.922	OLSR
0	3	141	 UDP 49153 > 9
3	4	141.001	 UDP 49153 > 9
4	5	141.002	 UDP 49153 > 9
5	2	141.003	 UDP 9 > 49153
2	1	141.004	 UDP 9 > 49153
1	0	141.005	 UDP 9 > 49153
1	0	141.041	OLSR
1	2	141.041	OLSR
1	4	141.041	OLSR
0	1	141.406	OLSR
0	3	141.406	OLSR
0	3	142	 UDP 49153 > 9
3	4	142.001	 UDP 49153 > 9
4	5	142.002	 UDP 49153 > 9
5	2	142.003	 UDP 9 > 49153
2	1	142.004	 UDP 9 > 49153
1	0	142.005	 UDP 9 > 49153
5	2	142.125	OLSR
5	4	142.125	OLSR
2	1	142.135	OLSR
2	3	142.135	OLSR
2	5	142.135	OLSR
4	1	142.164	OLSR
4	3	142.164	OLSR
4	5	142.164	OLSR
3	0	142.282	OLSR
3	2	142.282	OLSR
3	4	142.282	OLSR
1	0	142.475	OLSR
1	2	142.475	OLSR
1	4	142.475	OLSR
0	1	142.484	OLSR
0	3	142.484	OLSR
0	3	143	 UDP 49153 > 9
3	4	143.001	 UDP 49153 > 9
4	5	143.002	 UDP 49153 > 9
5	2	143.003	 UDP 9 > 49153
2	1	143.004	 UDP 9 > 49153
1	0	143.005	 UDP 9 > 49153
0	3	144	 UDP 49153 > 9
3	4	144.001	 UDP 49153 > 9
4	5	144.002	 UDP 49153 > 9
5	2	144.003	 UDP 9 > 49153
2	1	144.004	 UDP 9 > 49153
1	0	144.005	 UDP 9 > 49153
3	0	144.155	OLSR
3	2	144.155	OLSR
3	4	144.155	OLSR
5	2	144.193	OLSR
5	4	144.193	OLSR
1	0	144.288	OLSR
1	2	144.288	OLSR
1	4	144.288	OLSR
2	1	144.398	OLSR
2	3	144.398	OLSR
2	5	144.398	OLSR
0	1	144.399	OLSR
0	3	144.399	OLSR
4	1	144.428	OLSR
4	3	144.428	OLSR
4	5	144.428	OLSR
0	3	145	 UDP 49153 > 9
3	4	145.001	 UDP 49153 > 9
4	5	145.002	 UDP 49153 > 9
5	2	145.003	 UDP 9 > 49153
2	1	145.004	 UDP 9 > 49153
1	0	145.005	 UDP 9 > 49153
1	0	145.022	OLSR
1	2	145.022	OLSR
1	4	145.022	OLSR
2	1	145.171	OLSR
2	3	145.171	OLSR
2	5	145.171	OLSR
5	2	145.185	OLSR
5	4	145.185	OLSR
4	1	145.188	OLSR
4	3	145.188	OLSR
4	5	145.188	OLSR
0	1	145.289	OLSR
0	3	145.289	OLSR
3	0	145.422	OLSR
3	2	145.422	OLSR
3	4	145.422	OLSR
2	1	145.544	OLSR
2	3	145.544	OLSR
2	5	145.544	OLSR
1	0	145.664	OLSR
1	2	145.664	OLSR
1	4	145.664	OLSR
0	3	146	 UDP 49153 > 9
3	4	146.001	 UDP 49153 > 9
4	5	146.002	 UDP 49153 > 9
5	2	146.003	 UDP 9 > 49153
2	1	146.004	 UDP 9 > 49153
1	0	146.005	 UDP 9 > 49153
4	1	146.009	OLSR
4	3	146.009	OLSR
4	5	146.009	OLSR
0	1	146.138	OLSR
0	3	146.138	OLSR
1	0	146.15	OLSR
1	2	146.15	OLSR
1	4	146.15	OLSR
5	2	146.181	OLSR
5	4	146.181	OLSR
3	0	146.249	OLSR
3	2	146.249	OLSR
3	4	146.249	OLSR
2	1	146.35	OLSR
2	3	146.35	OLSR
2	5	146.35	OLSR
0	3	147	 UDP 49153 > 9
3	4	147.001	 UDP 49153 > 9
4	5	147.002	 UDP 49153 > 9
5	2	147.003	 UDP 9 > 49153
2	1	147.004	 UDP 9 > 49153
1	0	147.005	 UDP 9 > 49153
0	3	148	 UDP 49153 > 9
3	4	148.001	 UDP 49153 > 9
4	5	148.002	 UDP 49153 > 9
5	2	148.003	 UDP 9 > 49153
2	1	148.004	 UDP 9 > 49153
1	0	148.005	 UDP 9 > 49153
3	0	148.066	OLSR
3	2	148.066	OLSR
3	4	148.066	OLSR
5	2	148.24	OLSR
5	4	148.24	OLSR
4	1	148.241	OLSR
4	3	148.241	OLSR
4	5	148.241	OLSR
1	0	148.282	OLSR
1	2	148.282	OLSR
1	4	148.282	OLSR
2	1	148.309	OLSR
2	3	148.309	OLSR
2	5	148.309	OLSR
0	1	148.347	OLSR
0	3	148.347	OLSR
0	3	149	 UDP 49153 > 9
3	4	149.001	 UDP 49153 > 9
4	5	149.002	 UDP 49153 > 9
5	2	149.003	 UDP 9 > 49153
2	1	149.004	 UDP 9 > 49153
1	0	149.005	 UDP 9 > 49153
0	3	150	 UDP 49153 > 9
3	4	150.001	 UDP 49153 > 9
4	5	150.002	 UDP 49153 > 9
5	2	150.003	 UDP 9 > 49153
2	1	150.004	 UDP 9 > 49153
1	0	150.005	 UDP 9 > 49153
1	0	150.077	OLSR
1	2	150.077	OLSR
1	4	150.077	OLSR
4	1	150.13	OLSR
4	3	150.13	OLSR
4	5	150.13	OLSR
0	1	150.132	OLSR
0	3	150.132	OLSR
3	0	150.188	OLSR
3	2	150.188	OLSR
3	4	150.188	OLSR
1	0	150.357	OLSR
1	2	150.357	OLSR
1	4	150.357	OLSR
4	1	150.364	OLSR
4	3	150.364	OLSR
4	5	150.364	OLSR
2	1	150.375	OLSR
2	3	150.375	OLSR
2	5	150.375	OLSR
5	2	150.435	OLSR
5	4	150.435	OLSR
3	0	150.548	OLSR
3	2	150.548	OLSR
3	4	150.548	OLSR
0	1	150.598	OLSR
0	3	150.598	OLSR
4	1	150.87	OLSR
4	3	150.87	OLSR
4	5	150.87	OLSR
0	3	151	 UDP 49153 > 9
3	4	151.001	 UDP 49153 > 9
4	5	151.002	 UDP 49153 > 9
5	2	151.003	 UDP 9 > 49153
2	1	151.004	 UDP 9 > 49153
1	0	151.005	 UDP 9 > 49153
1	0	151.192	OLSR
1	2	151.192	OLSR
1	4	151.192	OLSR
0	1	151.574	OLSR
0	3	151.574	OLSR
0	3	152	 UDP 49153 > 9
3	4	152.001	 UDP 49153 > 9
4	5	152.002	 UDP 49153 > 9
5	2	152.003	 UDP 9 > 49153
2	1	152.004	 UDP 9 > 49153
1	0	152.005	 UDP 9 > 49153
0	1	152.061	OLSR
0	3	152.061	OLSR
5	2	152.154	OLSR
5	4	152.154	OLSR
3	0	152.167	OLSR
3	2	152.167	OLSR
3	4	152.167	OLSR
1	0	152.246	OLSR
1	2	152.246	OLSR
1	4	152.246	OLSR
4	1	152.401	OLSR
4	3	152.401	OLSR
4	5	152.401	OLSR
2	1	152.497	OLSR
2	3	152.497	OLSR
2	5	152.497	OLSR
0	3	153	 UDP 49153 > 9
3	4	153.001	 UDP 49153 > 9
4	5	153.002	 UDP 49153 > 9
5	2	153.003	 UDP 9 > 49153
2	1	153.004	 UDP 9 > 49153
1	0	153.005	 UDP 9 > 49153
0	3	154	 UDP 49153 > 9
3	4	154.001	 UDP 49153 > 9
4	5	154.002	 UDP 49153 > 9
5	2	154.003	 UDP 9 > 49153
2	1	154.004	 UDP 9 > 49153
1	0	154.005	 UDP 9 > 49153
0	1	154.024	OLSR
0	3	154.024	OLSR
1	0	154.128	OLSR
1	2	154.128	OLSR
1	4	154.128	OLSR
5	2	154.143	OLSR
5	4	154.143	OLSR
2	1	154.222	OLSR
2	3	154.222	OLSR
2	5	154.222	OLSR
4	1	154.24	OLSR
4	3	154.24	OLSR
4	5	154.24	OLSR
3	0	154.373	OLSR
3	2	154.373	OLSR
3	4	154.373	OLSR
0	3	155	 UDP 49153 > 9
3	4	155.001	 UDP 49153 > 9
4	5	155.002	 UDP 49153 > 9
5	2	155.003	 UDP 9 > 49153
2	1	155.004	 UDP 9 > 49153
1	0	155.005	 UDP 9 > 49153
0	1	155.105	OLSR
0	3	155.105	OLSR
4	1	155.134	OLSR
4	3	155.134	OLSR
4	5	155.134	OLSR
2	1	155.233	OLSR
2	3	155.233	OLSR
2	5	155.233	OLSR
5	2	155.307	OLSR
5	4	155.307	OLSR
3	0	155.338	OLSR
3	2	155.338	OLSR
3	4	155.338	OLSR
2	1	155.34	OLSR
2	3	155.34	OLSR
2	5	155.34	OLSR
1	0	155.384	OLSR
1	2	155.384	OLSR
1	4	155.384	OLSR
4	1	155.588	OLSR
4	3	155.588	OLSR
4	5	155.588	OLSR
0	1	155.625	OLSR
0	3	155.625	OLSR
1	0	155.798	OLSR
1	2	155.798	OLSR
1	4	155.798	OLSR
0	1	155.845	OLSR
0	3	155.845	OLSR
0	3	156	 UDP 49153 > 9
3	4	156.001	 UDP 49153 > 9
4	5	156.002	 UDP 49153 > 9
5	2	156.003	 UDP 9 > 49153
1	0	156.004	OLSR
1	2	156.004	OLSR
1	4	156.004	OLSR
2	1	156.004	 UDP 9 > 49153
1	0	156.005	 UDP 9 > 49153
2	1	156.017	OLSR
2	3	156.017	OLSR
2	5	156.017	OLSR
5	2	156.12	OLSR
5	4	156.12	OLSR
0	1	156.231	OLSR
0	3	156.231	OLSR
4	1	156.351	OLSR
4	3	156.351	OLSR
4	5	156.351	OLSR
3	0	156.479	OLSR
3	2	156.479	OLSR
3	4	156.479	OLSR
0	3	157	 UDP 49153 > 9
3	4	157.001	 UDP 49153 > 9
4	5	157.002	 UDP 49153 > 9
5	2	157.003	 UDP 9 > 49153
2	1	157.004	 UDP 9 > 49153
1	0	157.005	 UDP 9 > 49153
0	3	158	 UDP 49153 > 9
3	4	158.001	 UDP 49153 > 9
4	5	158.002	 UDP 49153 > 9
5	2	158.003	 UDP 9 > 49153
2	1	158.004	 UDP 9 > 49153
1	0	158.005	 UDP 9 > 49153
1	0	158.191	OLSR
1	2	158.191	OLSR
1	4	158.191	OLSR
3	0	158.196	OLSR
3	2	158.196	OLSR
3	4	158.196	OLSR
2	1	158.208	OLSR
2	3	158.208	OLSR
2	5	158.208	OLSR
5	2	158.284	OLSR
5	4	158.284	OLSR
4	1	158.462	OLSR
4	3	158.462	OLSR
4	5	158.462	OLSR
0	1	158.471	OLSR
0	3	158.471	OLSR
0	3	159	 UDP 49153 > 9
3	4	159.001	 UDP 49153 > 9
4	5	159.002	 UDP 49153 > 9
5	2	159.003	 UDP 9 > 49153
2	1	159.004	 UDP 9 > 49153
1	0	159.005	 UDP 9 > 49153
0	3	160	 UDP 49153 > 9
3	4	160.001	 UDP 49153 > 9
4	1	160.002	OLSR
4	3	160.002	OLSR
4	5	160.002	OLSR
4	5	160.002	 UDP 49153 > 9
5	2	160.003	 UDP 9 > 49153
2	1	160.004	 UDP 9 > 49153
1	0	160.005	 UDP 9 > 49153
0	1	160.009	OLSR
0	3	160.009	OLSR
1	0	160.034	OLSR
1	2	160.034	OLSR
1	4	160.034	OLSR
4	1	160.078	OLSR
4	3	160.078	OLSR
4	5	160.078	OLSR
3	0	160.149	OLSR
3	2	160.149	OLSR
3	4	160.149	OLSR
2	1	160.189	OLSR
2	3	160.189	OLSR
2	5	160.189	OLSR
3	0	160.192	OLSR
3	2	160.192	OLSR
3	4	160.192	OLSR
0	1	160.44	OLSR
0	3	160.44	OLSR
5	2	160.482	OLSR
5	4	160.482	OLSR
4	1	160.916	OLSR
4	3	160.916	OLSR
4	5	160.916	OLSR
1	0	160.962	OLSR
1	2	160.962	OLSR
1	4	160.962	OLSR
0	1	160.973	OLSR
0	3	160.973	OLSR
0	3	161	 UDP 49153 > 9
3	4	161.001	 UDP 49153 > 9
4	5	161.002	 UDP 49153 > 9
5	2	161.003	 UDP 9 > 49153
2	1	161.004	 UDP 9 > 49153
1	0	161.005	 UDP 9 > 49153
0	3	162	 UDP 49153 > 9
3	4	162.001	 UDP 49153 > 9
4	5	162.002	 UDP 49153 > 9
5	2	162.003	 UDP 9 > 49153
2	1	162.004	 UDP 9 > 49153
1	0	162.005	 UDP 9 > 49153
0	1	162.036	OLSR
0	3	162.036	OLSR
4	1	162.047	OLSR
4	3	162.047	OLSR
4	5	162.047	OLSR
1	0	162.124	OLSR
1	2	162.124	OLSR
1	4	162.124	OLSR
5	2	162.363	OLSR
5	4	162.363	OLSR
3	0	162.392	OLSR
3	2	162.392	OLSR
3	4	162.392	OLSR
2	1	162.405	OLSR
2	3	162.405	OLSR
2	5	162.405	OLSR
0	3	163	 UDP 49153 > 9
3	4	163.001	 UDP 49153 > 9
4	5	163.002	 UDP 49153 > 9
5	2	163.003	 UDP 9 > 49153
2	1	163.004	 UDP 9 > 49153
1	0	163.005	 UDP 9 > 49153
0	3	164	 UDP 49153 > 9
3	4	164.001	 UDP 49153 > 9
4	5	164.002	 UDP 49153 > 9
5	2	164.003	 UDP 9 > 49153
2	1	164.004	 UDP 9 > 49153
1	0	164.005	 UDP 9 > 49153
0	1	164.242	OLSR
0	3	164.242	OLSR
5	2	164.354	OLSR
5	4	164.354	OLSR
3	0	164.374	OLSR
3	2	164.374	OLSR
3	4	164.374	OLSR
1	0	164.396	OLSR
1	2	164.396	OLSR
1	4	164.396	OLSR
2	1	164.407	OLSR
2	3	164.407	OLSR
2	5	164.407	OLSR
4	1	164.476	OLSR
4	3	164.476	OLSR
4	5	164.476	OLSR
0	3	165	 UDP 49153 > 9
3	4	165.001	 UDP 49153 > 9
4	5	165.002	 UDP 49153 > 9
5	2	165.003	 UDP 9 > 49153
2	1	165.004	 UDP 9 > 49153
1	0	165.005	 UDP 9 > 49153
0	1	165.067	OLSR
0	3	165.067	OLSR
4	1	165.088	OLSR
4	3	165.088	OLSR
4	5	165.088	OLSR
2	1	165.323	OLSR
2	3	165.323	OLSR
2	5	165.323	OLSR
1	0	165.363	OLSR
1	2	165.363	OLSR
1	4	165.363	OLSR
5	2	165.379	OLSR
5	4	165.379	OLSR
3	0	165.435	OLSR
3	2	165.435	OLSR
3	4	165.435	OLSR
0	1	165.534	OLSR
0	3	165.534	OLSR
4	1	165.613	OLSR
4	3	165.613	OLSR
4	5	165.613	OLSR
2	1	165.704	OLSR
2	3	165.704	OLSR
2	5	165.704	OLSR
0	3	166	 UDP 49153 > 9
3	4	166.001	 UDP 49153 > 9
4	5	166.002	 UDP 49153 > 9
5	2	166.003	 UDP 9 > 49153
2	1	166.004	 UDP 9 > 49153
1	0	166.005	 UDP 9 > 49153
1	0	166.009	OLSR
1	2	166.009	OLSR
1	4	166.009	OLSR
2	1	166.075	OLSR
2	3	166.075	OLSR
2	5	166.075	OLSR
3	0	166.183	OLSR
3	2	166.183	OLSR
3	4	166.183	OLSR
4	1	166.244	OLSR
4	3	166.244	OLSR
4	5	166.244	OLSR
5	2	166.292	OLSR
5	4	166.292	OLSR
0	1	166.466	OLSR
0	3	166.466	OLSR
0	3	167	 UDP 49153 > 9
3	4	167.001	 UDP 49153 > 9
4	5	167.002	 UDP 49153 > 9
5	2	167.003	 UDP 9 > 49153
2	1	167.004	 UDP 9 > 49153
1	0	167.005	 UDP 9 > 49153
0	3	168	 UDP 49153 > 9
3	4	168.001	 UDP 49153 > 9
4	5	168.002	 UDP 49153 > 9
5	2	168.003	 UDP 9 > 49153
2	1	168.004	 UDP 9 > 49153
1	0	168.005	 UDP 9 > 49153
2	1	168.05	OLSR
2	3	168.05	OLSR
2	5	168.05	OLSR
4	1	168.175	OLSR
4	3	168.175	OLSR
4	5	168.175	OLSR
5	2	168.221	OLSR
5	4	168.221	OLSR
3	0	168.227	OLSR
3	2	168.227	OLSR
3	4	168.227	OLSR
0	1	168.374	OLSR
0	3	168.374	OLSR
1	0	168.485	OLSR
1	2	168.485	OLSR
1	4	168.485	OLSR
0	3	169	 UDP 49153 > 9
3	4	169.001	 UDP 49153 > 9
4	5	169.002	 UDP 49153 > 9
5	2	169.003	 UDP 9 > 49153
2	1	169.004	 UDP 9 > 49153
1	0	169.005	 UDP 9 > 49153
0	3	170	 UDP 49153 > 9
3	4	170.001	 UDP 49153 > 9
4	5	170.002	 UDP 49153 > 9
5	2	170.003	 UDP 9 > 49153
2	1	170.004	 UDP 9 > 49153
1	0	170.005	 UDP 9 > 49153
0	1	170.056	OLSR
0	3	170.056	OLSR
5	2	170.068	OLSR
5	4	170.068	OLSR
1	0	170.255	OLSR
1	2	170.255	OLSR
1	4	170.255	OLSR
2	1	170.268	OLSR
2	3	170.268	OLSR
2	5	170.268	OLSR
3	0	170.276	OLSR
3	2	170.276	OLSR
3	4	170.276	OLSR
4	1	170.28	OLSR
4	3	170.28	OLSR
4	5	170.28	OLSR
1	0	170.428	OLSR
1	2	170.428	OLSR
1	4	170.428	OLSR
0	1	170.446	OLSR
0	3	170.446	OLSR
2	1	170.675	OLSR
2	3	170.675	OLSR
2	5	170.675	OLSR
0	3	171	 UDP 49153 > 9
3	4	171.001	 UDP 49153 > 9
4	5	171.002	 UDP 49153 > 9
5	2	171.003	 UDP 9 > 49153
2	1	171.004	 UDP 9 > 49153
1	0	171.005	 UDP 9 > 49153
0	3	172	 UDP 49153 > 9
3	4	172.001	 UDP 49153 > 9
4	5	172.002	 UDP 49153 > 9
5	2	172.003	 UDP 9 > 49153
2	1	172.004	 UDP 9 > 49153
1	0	172.005	 UDP 9 > 49153
2	1	172.066	OLSR
2	3	172.066	OLSR
2	5	172.066	OLSR
0	1	172.151	OLSR
0	3	172.151	OLSR
1	0	172.294	OLSR
1	2	172.294	OLSR
1	4	172.294	OLSR
5	2	172.35	OLSR
5	4	172.35	OLSR
4	1	172.406	OLSR
4	3	172.406	OLSR
4	5	172.406	OLSR
3	0	172.473	OLSR
3	2	172.473	OLSR
3	4	172.473	OLSR
0	3	173	 UDP 49153 > 9
3	4	173.001	 UDP 49153 > 9
4	5	173.002	 UDP 49153 > 9
5	2	173.003	 UDP 9 > 49153
2	1	173.004	 UDP 9 > 49153
1	0	173.005	 UDP 9 > 49153
0	3	174	 UDP 49153 > 9
3	4	174.001	 UDP 49153 > 9
4	5	174.002	 UDP 49153 > 9
5	2	174.003	 UDP 9 > 49153
2	1	174.004	 UDP 9 > 49153
1	0	174.005	 UDP 9 > 49153
3	0	174.08	OLSR
3	2	174.08	OLSR
3	4	174.08	OLSR
0	1	174.094	OLSR
0	3	174.094	OLSR
5	2	174.201	OLSR
5	4	174.201	OLSR
1	0	174.222	OLSR
1	2	174.222	OLSR
1	4	174.222	OLSR
2	1	174.357	OLSR
2	3	174.357	OLSR
2	5	174.357	OLSR
4	1	174.487	OLSR
4	3	174.487	OLSR
4	5	174.487	OLSR
0	3	175	 UDP 49153 > 9
3	4	175.001	 UDP 49153 > 9
4	5	175.002	 UDP 49153 > 9
5	2	175.003	 UDP 9 > 49153
2	1	175.004	 UDP 9 > 49153
1	0	175.005	 UDP 9 > 49153
3	0	175.005	OLSR
3	2	175.005	OLSR
3	4	175.005	OLSR
4	1	175.015	OLSR
4	3	175.015	OLSR
4	5	175.015	OLSR
2	1	175.076	OLSR
2	3	175.076	OLSR
2	5	175.076	OLSR
1	0	175.191	OLSR
1	2	175.191	OLSR
1	4	175.191	OLSR
3	0	175.194	OLSR
3	2	175.194	OLSR
3	4	175.194	OLSR
4	1	175.439	OLSR
4	3	175.439	OLSR
4	5	175.439	OLSR
5	2	175.449	OLSR
5	4	175.449	OLSR
0	1	175.455	OLSR
0	3	175.455	OLSR
4	1	175.514	OLSR
4	3	175.514	OLSR
4	5	175.514	OLSR
1	0	175.949	OLSR
1	2	175.949	OLSR
1	4	175.949	OLSR
0	1	175.961	OLSR
0	3	175.961	OLSR
0	3	176	 UDP 49153 > 9
3	4	176.001	 UDP 49153 > 9
4	5	176.002	 UDP 49153 > 9
5	2	176.003	 UDP 9 > 49153
2	1	176.004	 UDP 9 > 49153
1	0	176.005	 UDP 9 > 49153
0	1	176.107	OLSR
0	3	176.107	OLSR
5	2	176.214	OLSR
5	4	176.214	OLSR
2	1	176.224	OLSR
2	3	176.224	OLSR
2	5	176.224	OLSR
4	1	176.345	OLSR
4	3	176.345	OLSR
4	5	176.345	OLSR
1	0	176.362	OLSR
1	2	176.362	OLSR
1	4	176.362	OLSR
3	0	176.39	OLSR
3	2	176.39	OLSR
3	4	176.39	OLSR
0	3	177	 UDP 49153 > 9
3	4	177.001	 UDP 49153 > 9
4	5	177.002	 UDP 49153 > 9
5	2	177.003	 UDP 9 > 49153
2	1	177.004	 UDP 9 > 49153
1	0	177.005	 UDP 9 > 49153
0	3	178	 UDP 49153 > 9
3	4	178.001	 UDP 49153 > 9
4	5	178.002	 UDP 49153 > 9
5	2	178.003	 UDP 9 > 49153
2	1	178.004	 UDP 9 > 49153
1	0	178.005	 UDP 9 > 49153
4	1	178.056	OLSR
4	3	178.056	OLSR
4	5	178.056	OLSR
5	2	178.203	OLSR
5	4	178.203	OLSR
1	0	178.261	OLSR
1	2	178.261	OLSR
1	4	178.261	OLSR
3	0	178.338	OLSR
3	2	178.338	OLSR
3	4	178.338	OLSR
0	1	178.342	OLSR
0	3	178.342	OLSR
2	1	178.476	OLSR
2	3	178.476	OLSR
2	5	178.476	OLSR
0	3	179	 UDP 49153 > 9
3	4	179.001	 UDP 49153 > 9
4	5	179.002	 UDP 49153 > 9
5	2	179.003	 UDP 9 > 49153
2	1	179.004	 UDP 9 > 49153
1	0	179.005	 UDP 9 > 49153
