From Id	To Id	Tx	Meta
3	2	0.00217874	OLSR
3	4	0.00217874	OLSR
3	7	0.00217874	OLSR
4	2	0.00424089	OLSR
4	3	0.00424089	OLSR
4	7	0.00424089	OLSR
4	5	0.00424089	OLSR
4	6	0.00424089	OLSR
2	1	0.0278825	OLSR
2	3	0.0278825	OLSR
2	4	0.0278825	OLSR
1	0	0.0551666	OLSR
1	2	0.0551666	OLSR
1	5	0.0551666	OLSR
7	3	0.143093	OLSR
7	4	0.143093	OLSR
7	6	0.143093	OLSR
5	1	0.197746	OLSR
5	4	0.197746	OLSR
5	6	0.197746	OLSR
0	1	0.333009	OLSR
6	4	0.369476	OLSR
6	5	0.369476	OLSR
6	7	0.369476	OLSR
3	2	2.08448	OLSR
3	4	2.08448	OLSR
3	7	2.08448	OLSR
7	3	2.10442	OLSR
7	4	2.10442	OLSR
7	6	2.10442	OLSR
0	1	2.14233	OLSR
4	2	2.16194	OLSR
4	3	2.16194	OLSR
4	7	2.16194	OLSR
4	5	2.16194	OLSR
4	6	2.16194	OLSR
1	0	2.20331	OLSR
1	2	2.20331	OLSR
1	5	2.20331	OLSR
2	1	2.27781	OLSR
2	3	2.27781	OLSR
2	4	2.27781	OLSR
6	4	2.2952	OLSR
6	5	2.2952	OLSR
6	7	2.2952	OLSR
5	1	2.45299	OLSR
5	4	2.45299	OLSR
5	6	2.45299	OLSR
1	0	4.00278	OLSR
1	2	4.00278	OLSR
1	5	4.00278	OLSR
3	2	4.07814	OLSR
3	4	4.07814	OLSR
3	7	4.07814	OLSR
2	1	4.15411	OLSR
2	3	4.15411	OLSR
2	4	4.15411	OLSR
0	1	4.15872	OLSR
4	2	4.16095	OLSR
4	3	4.16095	OLSR
4	7	4.16095	OLSR
4	5	4.16095	OLSR
4	6	4.16095	OLSR
6	4	4.27546	OLSR
6	5	4.27546	OLSR
6	7	4.27546	OLSR
7	3	4.35184	OLSR
7	4	4.35184	OLSR
7	6	4.35184	OLSR
5	1	4.41065	OLSR
5	4	4.41065	OLSR
5	6	4.41065	OLSR
7	3	5.1524	OLSR
7	4	5.1524	OLSR
7	6	5.1524	OLSR
5	1	5.26656	OLSR
5	4	5.26656	OLSR
5	6	5.26656	OLSR
4	2	5.27471	OLSR
4	3	5.27471	OLSR
4	7	5.27471	OLSR
4	5	5.27471	OLSR
4	6	5.27471	OLSR
1	0	5.27548	OLSR
1	2	5.27548	OLSR
1	5	5.27548	OLSR
3	2	5.32596	OLSR
3	4	5.32596	OLSR
3	7	5.32596	OLSR
6	4	5.33469	OLSR
6	5	5.33469	OLSR
6	7	5.33469	OLSR
2	1	5.3924	OLSR
2	3	5.3924	OLSR
2	4	5.3924	OLSR
1	0	6.09865	OLSR
1	2	6.09865	OLSR
1	5	6.09865	OLSR
5	1	6.13034	OLSR
5	4	6.13034	OLSR
5	6	6.13034	OLSR
2	1	6.14451	OLSR
2	3	6.14451	OLSR
2	4	6.14451	OLSR
6	4	6.15648	OLSR
6	5	6.15648	OLSR
6	7	6.15648	OLSR
3	2	6.16844	OLSR
3	4	6.16844	OLSR
3	7	6.16844	OLSR
4	2	6.17636	OLSR
4	3	6.17636	OLSR
4	7	6.17636	OLSR
4	5	6.17636	OLSR
4	6	6.17636	OLSR
0	1	6.33321	OLSR
7	3	6.39653	OLSR
7	4	6.39653	OLSR
7	6	6.39653	OLSR
7	3	8.20669	OLSR
7	4	8.20669	OLSR
7	6	8.20669	OLSR
1	0	8.24134	OLSR
1	2	8.24134	OLSR
1	5	8.24134	OLSR
0	1	8.25093	OLSR
5	1	8.26211	OLSR
5	4	8.26211	OLSR
5	6	8.26211	OLSR
2	1	8.27527	OLSR
2	3	8.27527	OLSR
2	4	8.27527	OLSR
3	2	8.33568	OLSR
3	4	8.33568	OLSR
3	7	8.33568	OLSR
6	4	8.38054	OLSR
6	5	8.38054	OLSR
6	7	8.38054	OLSR
4	2	8.41461	OLSR
4	3	8.41461	OLSR
4	7	8.41461	OLSR
4	5	8.41461	OLSR
4	6	8.41461	OLSR
7	3	10.063	OLSR
7	4	10.063	OLSR
7	6	10.063	OLSR
0	1	10.1204	OLSR
5	1	10.1799	OLSR
5	4	10.1799	OLSR
5	6	10.1799	OLSR
4	2	10.1952	OLSR
4	3	10.1952	OLSR
4	7	10.1952	OLSR
4	5	10.1952	OLSR
4	6	10.1952	OLSR
1	0	10.2002	OLSR
1	2	10.2002	OLSR
1	5	10.2002	OLSR
3	2	10.3198	OLSR
3	4	10.3198	OLSR
3	7	10.3198	OLSR
2	1	10.3721	OLSR
2	3	10.3721	OLSR
2	4	10.3721	OLSR
7	3	10.3846	OLSR
7	4	10.3846	OLSR
7	6	10.3846	OLSR
5	1	10.4379	OLSR
5	4	10.4379	OLSR
5	6	10.4379	OLSR
6	4	10.4774	OLSR
6	5	10.4774	OLSR
6	7	10.4774	OLSR
5	1	10.492	OLSR
5	4	10.492	OLSR
5	6	10.492	OLSR
4	2	10.5653	OLSR
4	3	10.5653	OLSR
4	7	10.5653	OLSR
4	5	10.5653	OLSR
4	6	10.5653	OLSR
6	4	10.6191	OLSR
6	5	10.6191	OLSR
6	7	10.6191	OLSR
2	1	10.7999	OLSR
2	3	10.7999	OLSR
2	4	10.7999	OLSR
3	2	10.8384	OLSR
3	4	10.8384	OLSR
3	7	10.8384	OLSR
1	0	10.8425	OLSR
1	2	10.8425	OLSR
1	5	10.8425	OLSR
7	3	10.9633	OLSR
7	4	10.9633	OLSR
7	6	10.9633	OLSR
5	1	10.9811	OLSR
5	4	10.9811	OLSR
5	6	10.9811	OLSR
0	1	11	 UDP 49153 > 9
1	2	11.001	 UDP 49153 > 9
2	3	11.002	 UDP 49153 > 9
3	7	11.003	 UDP 49153 > 9
7	4	11.004	 UDP 9 > 49153
4	2	11.0051	 UDP 9 > 49153
2	1	11.0061	 UDP 9 > 49153
1	0	11.0071	 UDP 9 > 49153
0	1	12	 UDP 49153 > 9
1	2	12.001	 UDP 49153 > 9
2	3	12.002	 UDP 49153 > 9
3	7	12.003	 UDP 49153 > 9
7	4	12.004	 UDP 9 > 49153
2	1	12.0043	OLSR
2	3	12.0043	OLSR
2	4	12.0043	OLSR
4	2	12.0051	 UDP 9 > 49153
2	1	12.0061	 UDP 9 > 49153
1	0	12.0071	 UDP 9 > 49153
0	1	12.0094	OLSR
5	1	12.0819	OLSR
5	4	12.0819	OLSR
5	6	12.0819	OLSR
1	0	12.2214	OLSR
1	2	12.2214	OLSR
1	5	12.2214	OLSR
3	2	12.2804	OLSR
3	4	12.2804	OLSR
3	7	12.2804	OLSR
4	2	12.3143	OLSR
4	3	12.3143	OLSR
4	7	12.3143	OLSR
4	5	12.3143	OLSR
4	6	12.3143	OLSR
7	3	12.395	OLSR
7	4	12.395	OLSR
7	6	12.395	OLSR
6	4	12.437	OLSR
6	5	12.437	OLSR
6	7	12.437	OLSR
0	1	13	 UDP 49153 > 9
1	2	13.001	 UDP 49153 > 9
2	3	13.002	 UDP 49153 > 9
3	7	13.003	 UDP 49153 > 9
7	4	13.004	 UDP 9 > 49153
4	2	13.0051	 UDP 9 > 49153
2	1	13.0061	 UDP 9 > 49153
1	0	13.0071	 UDP 9 > 49153
0	1	14	 UDP 49153 > 9
1	2	14.001	 UDP 49153 > 9
2	3	14.002	 UDP 49153 > 9
2	1	14.0025	OLSR
2	3	14.0025	OLSR
2	4	14.0025	OLSR
3	7	14.003	 UDP 49153 > 9
7	4	14.004	 UDP 9 > 49153
4	2	14.0051	 UDP 9 > 49153
2	1	14.0061	 UDP 9 > 49153
1	0	14.0071	 UDP 9 > 49153
1	0	14.0565	OLSR
1	2	14.0565	OLSR
1	5	14.0565	OLSR
0	1	14.0788	OLSR
5	1	14.0865	OLSR
5	4	14.0865	OLSR
5	6	14.0865	OLSR
6	4	14.1236	OLSR
6	5	14.1236	OLSR
6	7	14.1236	OLSR
3	2	14.1361	OLSR
3	4	14.1361	OLSR
3	7	14.1361	OLSR
7	3	14.3748	OLSR
7	4	14.3748	OLSR
7	6	14.3748	OLSR
4	2	14.4742	OLSR
4	3	14.4742	OLSR
4	7	14.4742	OLSR
4	5	14.4742	OLSR
4	6	14.4742	OLSR
0	1	15	 UDP 49153 > 9
1	2	15.001	 UDP 49153 > 9
2	3	15.002	 UDP 49153 > 9
3	7	15.003	 UDP 49153 > 9
7	4	15.004	 UDP 9 > 49153
4	2	15.0051	 UDP 9 > 49153
2	1	15.0061	 UDP 9 > 49153
1	0	15.0071	 UDP 9 > 49153
3	2	15.0873	OLSR
3	4	15.0873	OLSR
3	7	15.0873	OLSR
5	1	15.1751	OLSR
5	4	15.1751	OLSR
5	6	15.1751	OLSR
1	0	15.2607	OLSR
1	2	15.2607	OLSR
1	5	15.2607	OLSR
7	3	15.2722	OLSR
7	4	15.2722	OLSR
7	6	15.2722	OLSR
3	2	15.281	OLSR
3	4	15.281	OLSR
3	7	15.281	OLSR
5	1	15.3106	OLSR
5	4	15.3106	OLSR
5	6	15.3106	OLSR
6	4	15.3347	OLSR
6	5	15.3347	OLSR
6	7	15.3347	OLSR
2	1	15.3531	OLSR
2	3	15.3531	OLSR
2	4	15.3531	OLSR
4	2	15.4481	OLSR
4	3	15.4481	OLSR
4	7	15.4481	OLSR
4	5	15.4481	OLSR
4	6	15.4481	OLSR
7	3	15.5499	OLSR
7	4	15.5499	OLSR
7	6	15.5499	OLSR
3	2	15.6886	OLSR
3	4	15.6886	OLSR
3	7	15.6886	OLSR
2	1	15.7368	OLSR
2	3	15.7368	OLSR
2	4	15.7368	OLSR
5	1	15.7647	OLSR
5	4	15.7647	OLSR
5	6	15.7647	OLSR
3	2	15.7715	OLSR
3	4	15.7715	OLSR
3	7	15.7715	OLSR
1	0	15.8189	OLSR
1	2	15.8189	OLSR
1	5	15.8189	OLSR
0	1	16	 UDP 49153 > 9
1	2	16.001	 UDP 49153 > 9
2	3	16.002	 UDP 49153 > 9
3	7	16.003	 UDP 49153 > 9
7	4	16.004	 UDP 9 > 49153
4	2	16.0051	 UDP 9 > 49153
2	1	16.0061	 UDP 9 > 49153
1	0	16.0071	 UDP 9 > 49153
4	2	16.0154	OLSR
4	3	16.0154	OLSR
4	7	16.0154	OLSR
4	5	16.0154	OLSR
4	6	16.0154	OLSR
2	1	16.0608	OLSR
2	3	16.0608	OLSR
2	4	16.0608	OLSR
6	4	16.067	OLSR
6	5	16.067	OLSR
6	7	16.067	OLSR
1	0	16.091	OLSR
1	2	16.091	OLSR
1	5	16.091	OLSR
7	3	16.1095	OLSR
7	4	16.1095	OLSR
7	6	16.1095	OLSR
5	1	16.1975	OLSR
5	4	16.1975	OLSR
5	6	16.1975	OLSR
0	1	16.3828	OLSR
3	2	16.4816	OLSR
3	4	16.4816	OLSR
3	7	16.4816	OLSR
0	1	17	 UDP 49153 > 9
1	2	17.001	 UDP 49153 > 9
2	3	17.002	 UDP 49153 > 9
3	7	17.003	 UDP 49153 > 9
7	4	17.004	 UDP 9 > 49153
4	2	17.0051	 UDP 9 > 49153
2	1	17.0061	 UDP 9 > 49153
1	0	17.0071	 UDP 9 > 49153
0	1	18	 UDP 49153 > 9
1	2	18.001	 UDP 49153 > 9
2	3	18.002	 UDP 49153 > 9
3	7	18.003	 UDP 49153 > 9
7	4	18.004	 UDP 9 > 49153
4	2	18.0051	 UDP 9 > 49153
2	1	18.0061	 UDP 9 > 49153
1	0	18.0071	 UDP 9 > 49153
1	0	18.0587	OLSR
1	2	18.0587	OLSR
1	5	18.0587	OLSR
5	1	18.1137	OLSR
5	4	18.1137	OLSR
5	6	18.1137	OLSR
6	4	18.1587	OLSR
6	5	18.1587	OLSR
6	7	18.1587	OLSR
2	1	18.233	OLSR
2	3	18.233	OLSR
2	4	18.233	OLSR
3	2	18.2366	OLSR
3	4	18.2366	OLSR
3	7	18.2366	OLSR
0	1	18.2562	OLSR
7	3	18.2722	OLSR
7	4	18.2722	OLSR
7	6	18.2722	OLSR
4	2	18.3135	OLSR
4	3	18.3135	OLSR
4	7	18.3135	OLSR
4	5	18.3135	OLSR
4	6	18.3135	OLSR
0	1	19	 UDP 49153 > 9
1	2	19.001	 UDP 49153 > 9
2	3	19.002	 UDP 49153 > 9
3	7	19.003	 UDP 49153 > 9
7	4	19.004	 UDP 9 > 49153
4	2	19.0051	 UDP 9 > 49153
2	1	19.0061	 UDP 9 > 49153
1	0	19.0071	 UDP 9 > 49153
0	1	20	 UDP 49153 > 9
1	2	20.001	 UDP 49153 > 9
2	3	20.002	 UDP 49153 > 9
3	7	20.003	 UDP 49153 > 9
7	4	20.004	 UDP 9 > 49153
4	2	20.0051	 UDP 9 > 49153
2	1	20.0061	 UDP 9 > 49153
1	0	20.0071	 UDP 9 > 49153
7	3	20.1147	OLSR
7	4	20.1147	OLSR
7	6	20.1147	OLSR
2	1	20.2873	OLSR
2	3	20.2873	OLSR
2	4	20.2873	OLSR
5	1	20.2874	OLSR
5	4	20.2874	OLSR
5	6	20.2874	OLSR
0	1	20.2948	OLSR
4	2	20.3171	OLSR
4	3	20.3171	OLSR
4	7	20.3171	OLSR
4	5	20.3171	OLSR
4	6	20.3171	OLSR
2	1	20.3657	OLSR
2	3	20.3657	OLSR
2	4	20.3657	OLSR
1	0	20.3965	OLSR
1	2	20.3965	OLSR
1	5	20.3965	OLSR
3	2	20.4596	OLSR
3	4	20.4596	OLSR
3	7	20.4596	OLSR
6	4	20.4786	OLSR
6	5	20.4786	OLSR
6	7	20.4786	OLSR
4	2	20.6431	OLSR
4	3	20.6431	OLSR
4	7	20.6431	OLSR
4	5	20.6431	OLSR
4	6	20.6431	OLSR
2	1	20.801	OLSR
2	3	20.801	OLSR
2	4	20.801	OLSR
5	1	20.8214	OLSR
5	4	20.8214	OLSR
5	6	20.8214	OLSR
0	1	21	 UDP 49153 > 9
1	2	21.001	 UDP 49153 > 9
2	3	21.002	 UDP 49153 > 9
3	7	21.003	 UDP 49153 > 9
7	4	21.004	 UDP 9 > 49153
4	2	21.0051	 UDP 9 > 49153
2	1	21.0061	 UDP 9 > 49153
1	0	21.0071	 UDP 9 > 49153
4	2	21.0619	OLSR
4	3	21.0619	OLSR
4	7	21.0619	OLSR
4	5	21.0619	OLSR
4	6	21.0619	OLSR
1	0	21.1075	OLSR
1	2	21.1075	OLSR
1	5	21.1075	OLSR
5	1	21.5567	OLSR
5	4	21.5567	OLSR
5	6	21.5567	OLSR
0	1	22	 UDP 49153 > 9
1	2	22.001	 UDP 49153 > 9
2	3	22.002	 UDP 49153 > 9
3	7	22.003	 UDP 49153 > 9
4	2	22.0033	OLSR
4	3	22.0033	OLSR
4	7	22.0033	OLSR
4	5	22.0033	OLSR
4	6	22.0033	OLSR
7	4	22.004	 UDP 9 > 49153
4	2	22.0051	 UDP 9 > 49153
2	1	22.0061	 UDP 9 > 49153
1	0	22.0071	 UDP 9 > 49153
7	3	22.0112	OLSR
7	4	22.0112	OLSR
7	6	22.0112	OLSR
0	1	22.0578	OLSR
2	1	22.075	OLSR
2	3	22.075	OLSR
2	4	22.075	OLSR
1	0	22.1017	OLSR
1	2	22.1017	OLSR
1	5	22.1017	OLSR
5	1	22.1655	OLSR
5	4	22.1655	OLSR
5	6	22.1655	OLSR
3	2	22.3378	OLSR
3	4	22.3378	OLSR
3	7	22.3378	OLSR
6	4	22.3895	OLSR
6	5	22.3895	OLSR
6	7	22.3895	OLSR
0	1	23	 UDP 49153 > 9
1	2	23.001	 UDP 49153 > 9
2	3	23.002	 UDP 49153 > 9
3	7	23.003	 UDP 49153 > 9
7	4	23.004	 UDP 9 > 49153
4	2	23.0051	 UDP 9 > 49153
2	1	23.0061	 UDP 9 > 49153
1	0	23.0071	 UDP 9 > 49153
0	1	24	 UDP 49153 > 9
1	2	24.001	 UDP 49153 > 9
2	3	24.002	 UDP 49153 > 9
3	7	24.003	 UDP 49153 > 9
7	4	24.004	 UDP 9 > 49153
4	2	24.0051	 UDP 9 > 49153
2	1	24.0061	 UDP 9 > 49153
1	0	24.0071	 UDP 9 > 49153
7	3	24.0167	OLSR
7	4	24.0167	OLSR
7	6	24.0167	OLSR
0	1	24.0231	OLSR
4	2	24.0786	OLSR
4	3	24.0786	OLSR
4	7	24.0786	OLSR
4	5	24.0786	OLSR
4	6	24.0786	OLSR
5	1	24.119	OLSR
5	4	24.119	OLSR
5	6	24.119	OLSR
6	4	24.2777	OLSR
6	5	24.2777	OLSR
6	7	24.2777	OLSR
1	0	24.3639	OLSR
1	2	24.3639	OLSR
1	5	24.3639	OLSR
2	1	24.435	OLSR
2	3	24.435	OLSR
2	4	24.435	OLSR
3	2	24.495	OLSR
3	4	24.495	OLSR
3	7	24.495	OLSR
0	1	25	 UDP 49153 > 9
1	2	25.001	 UDP 49153 > 9
2	3	25.002	 UDP 49153 > 9
3	7	25.003	 UDP 49153 > 9
7	4	25.004	 UDP 9 > 49153
4	2	25.0051	 UDP 9 > 49153
2	1	25.0061	 UDP 9 > 49153
1	0	25.0071	 UDP 9 > 49153
2	1	25.037	OLSR
2	3	25.037	OLSR
2	4	25.037	OLSR
4	2	25.0689	OLSR
4	3	25.0689	OLSR
4	7	25.0689	OLSR
4	5	25.0689	OLSR
4	6	25.0689	OLSR
5	1	25.1781	OLSR
5	4	25.1781	OLSR
5	6	25.1781	OLSR
1	0	25.2726	OLSR
1	2	25.2726	OLSR
1	5	25.2726	OLSR
5	1	25.2742	OLSR
5	4	25.2742	OLSR
5	6	25.2742	OLSR
3	2	25.2854	OLSR
3	4	25.2854	OLSR
3	7	25.2854	OLSR
7	3	25.291	OLSR
7	4	25.291	OLSR
7	6	25.291	OLSR
6	4	25.3931	OLSR
6	5	25.3931	OLSR
6	7	25.3931	OLSR
2	1	25.4844	OLSR
2	3	25.4844	OLSR
2	4	25.4844	OLSR
4	2	25.6702	OLSR
4	3	25.6702	OLSR
4	7	25.6702	OLSR
4	5	25.6702	OLSR
4	6	25.6702	OLSR
5	1	25.7089	OLSR
5	4	25.7089	OLSR
5	6	25.7089	OLSR
1	0	25.7808	OLSR
1	2	25.7808	OLSR
1	5	25.7808	OLSR
2	1	25.8686	OLSR
2	3	25.8686	OLSR
2	4	25.8686	OLSR
0	1	26	 UDP 49153 > 9
1	2	26.001	 UDP 49153 > 9
2	3	26.002	 UDP 49153 > 9
3	7	26.003	 UDP 49153 > 9
7	4	26.004	 UDP 9 > 49153
4	2	26.0051	 UDP 9 > 49153
2	1	26.0061	 UDP 9 > 49153
1	0	26.0071	 UDP 9 > 49153
1	0	26.0636	OLSR
1	2	26.0636	OLSR
1	5	26.0636	OLSR
4	2	26.0794	OLSR
4	3	26.0794	OLSR
4	7	26.0794	OLSR
4	5	26.0794	OLSR
4	6	26.0794	OLSR
5	1	26.2225	OLSR
5	4	26.2225	OLSR
5	6	26.2225	OLSR
2	1	26.2291	OLSR
2	3	26.2291	OLSR
2	4	26.2291	OLSR
3	2	26.2852	OLSR
3	4	26.2852	OLSR
3	7	26.2852	OLSR
6	4	26.3114	OLSR
6	5	26.3114	OLSR
6	7	26.3114	OLSR
0	1	26.3637	OLSR
7	3	26.4529	OLSR
7	4	26.4529	OLSR
7	6	26.4529	OLSR
0	1	27	 UDP 49153 > 9
1	2	27.001	 UDP 49153 > 9
2	3	27.002	 UDP 49153 > 9
3	7	27.003	 UDP 49153 > 9
7	4	27.004	 UDP 9 > 49153
4	2	27.0051	 UDP 9 > 49153
2	1	27.0061	 UDP 9 > 49153
1	0	27.0071	 UDP 9 > 49153
0	1	28	 UDP 49153 > 9
1	2	28.001	 UDP 49153 > 9
2	3	28.002	 UDP 49153 > 9
3	7	28.003	 UDP 49153 > 9
7	4	28.004	 UDP 9 > 49153
4	2	28.0051	 UDP 9 > 49153
2	1	28.0061	 UDP 9 > 49153
1	0	28.0071	 UDP 9 > 49153
3	2	28.0587	OLSR
3	4	28.0587	OLSR
3	7	28.0587	OLSR
4	2	28.1704	OLSR
4	3	28.1704	OLSR
4	7	28.1704	OLSR
4	5	28.1704	OLSR
4	6	28.1704	OLSR
7	3	28.3123	OLSR
7	4	28.3123	OLSR
7	6	28.3123	OLSR
6	4	28.325	OLSR
6	5	28.325	OLSR
6	7	28.325	OLSR
2	1	28.3385	OLSR
2	3	28.3385	OLSR
2	4	28.3385	OLSR
1	0	28.3582	OLSR
1	2	28.3582	OLSR
1	5	28.3582	OLSR
0	1	28.4077	OLSR
5	1	28.4207	OLSR
5	4	28.4207	OLSR
5	6	28.4207	OLSR
0	1	29	 UDP 49153 > 9
1	2	29.001	 UDP 49153 > 9
2	3	29.002	 UDP 49153 > 9
3	7	29.003	 UDP 49153 > 9
7	4	29.004	 UDP 9 > 49153
4	2	29.0051	 UDP 9 > 49153
2	1	29.0061	 UDP 9 > 49153
1	0	29.0071	 UDP 9 > 49153
0	1	30	 UDP 49153 > 9
1	2	30.001	 UDP 49153 > 9
2	3	30.002	 UDP 49153 > 9
3	7	30.003	 UDP 49153 > 9
7	4	30.004	 UDP 9 > 49153
4	2	30.0051	 UDP 9 > 49153
2	1	30.0061	 UDP 9 > 49153
1	0	30.0071	 UDP 9 > 49153
1	0	30.0151	OLSR
1	2	30.0151	OLSR
1	5	30.0151	OLSR
3	2	30.0245	OLSR
3	4	30.0245	OLSR
3	7	30.0245	OLSR
6	4	30.0345	OLSR
6	5	30.0345	OLSR
6	7	30.0345	OLSR
0	1	30.1379	OLSR
4	2	30.196	OLSR
4	3	30.196	OLSR
4	7	30.196	OLSR
4	5	30.196	OLSR
4	6	30.196	OLSR
5	1	30.2429	OLSR
5	4	30.2429	OLSR
5	6	30.2429	OLSR
2	1	30.3402	OLSR
2	3	30.3402	OLSR
2	4	30.3402	OLSR
7	3	30.3444	OLSR
7	4	30.3444	OLSR
7	6	30.3444	OLSR
4	2	30.3842	OLSR
4	3	30.3842	OLSR
4	7	30.3842	OLSR
4	5	30.3842	OLSR
4	6	30.3842	OLSR
1	0	30.467	OLSR
1	2	30.467	OLSR
1	5	30.467	OLSR
5	1	30.614	OLSR
5	4	30.614	OLSR
5	6	30.614	OLSR
2	1	30.8626	OLSR
2	3	30.8626	OLSR
2	4	30.8626	OLSR
0	1	31	 UDP 49153 > 9
1	2	31.001	 UDP 49153 > 9
2	3	31.002	 UDP 49153 > 9
3	7	31.003	 UDP 49153 > 9
7	4	31.004	 UDP 9 > 49153
4	2	31.0051	 UDP 9 > 49153
2	1	31.0061	 UDP 9 > 49153
1	0	31.0071	 UDP 9 > 49153
1	0	31.0578	OLSR
1	2	31.0578	OLSR
1	5	31.0578	OLSR
5	1	31.1404	OLSR
5	4	31.1404	OLSR
5	6	31.1404	OLSR
0	1	32	 UDP 49153 > 9
4	2	32	OLSR
4	3	32	OLSR
4	7	32	OLSR
4	5	32	OLSR
4	6	32	OLSR
1	2	32.001	 UDP 49153 > 9
2	3	32.002	 UDP 49153 > 9
3	7	32.003	 UDP 49153 > 9
7	4	32.004	 UDP 9 > 49153
4	2	32.0051	 UDP 9 > 49153
2	1	32.0061	 UDP 9 > 49153
1	0	32.0071	 UDP 9 > 49153
2	1	32.0482	OLSR
2	3	32.0482	OLSR
2	4	32.0482	OLSR
3	2	32.0823	OLSR
3	4	32.0823	OLSR
3	7	32.0823	OLSR
7	3	32.1529	OLSR
7	4	32.1529	OLSR
7	6	32.1529	OLSR
0	1	32.1753	OLSR
1	0	32.2099	OLSR
1	2	32.2099	OLSR
1	5	32.2099	OLSR
6	4	32.4392	OLSR
6	5	32.4392	OLSR
6	7	32.4392	OLSR
5	1	32.464	OLSR
5	4	32.464	OLSR
5	6	32.464	OLSR
0	1	33	 UDP 49153 > 9
1	2	33.001	 UDP 49153 > 9
2	3	33.002	 UDP 49153 > 9
3	7	33.003	 UDP 49153 > 9
7	4	33.004	 UDP 9 > 49153
4	2	33.0051	 UDP 9 > 49153
2	1	33.0061	 UDP 9 > 49153
1	0	33.0071	 UDP 9 > 49153
0	1	34	 UDP 49153 > 9
1	2	34.001	 UDP 49153 > 9
2	3	34.002	 UDP 49153 > 9
3	7	34.003	 UDP 49153 > 9
7	4	34.004	 UDP 9 > 49153
4	2	34.0051	 UDP 9 > 49153
2	1	34.0061	 UDP 9 > 49153
1	0	34.0071	 UDP 9 > 49153
2	1	34.0097	OLSR
2	3	34.0097	OLSR
2	4	34.0097	OLSR
6	4	34.0247	OLSR
6	5	34.0247	OLSR
6	7	34.0247	OLSR
5	1	34.0556	OLSR
5	4	34.0556	OLSR
5	6	34.0556	OLSR
3	2	34.0583	OLSR
3	4	34.0583	OLSR
3	7	34.0583	OLSR
1	0	34.1316	OLSR
1	2	34.1316	OLSR
1	5	34.1316	OLSR
0	1	34.3084	OLSR
7	3	34.3261	OLSR
7	4	34.3261	OLSR
7	6	34.3261	OLSR
4	2	34.4	OLSR
4	3	34.4	OLSR
4	7	34.4	OLSR
4	5	34.4	OLSR
4	6	34.4	OLSR
0	1	35	 UDP 49153 > 9
1	2	35.001	 UDP 49153 > 9
2	3	35.002	 UDP 49153 > 9
3	7	35.003	 UDP 49153 > 9
7	4	35.004	 UDP 9 > 49153
4	2	35.0051	 UDP 9 > 49153
2	1	35.0061	 UDP 9 > 49153
1	0	35.0071	 UDP 9 > 49153
6	4	35.1685	OLSR
6	5	35.1685	OLSR
6	7	35.1685	OLSR
5	1	35.1782	OLSR
5	4	35.1782	OLSR
5	6	35.1782	OLSR
2	1	35.2368	OLSR
2	3	35.2368	OLSR
2	4	35.2368	OLSR
4	2	35.2713	OLSR
4	3	35.2713	OLSR
4	7	35.2713	OLSR
4	5	35.2713	OLSR
4	6	35.2713	OLSR
1	0	35.3324	OLSR
1	2	35.3324	OLSR
1	5	35.3324	OLSR
7	3	35.3333	OLSR
7	4	35.3333	OLSR
7	6	35.3333	OLSR
3	2	35.4794	OLSR
3	4	35.4794	OLSR
3	7	35.4794	OLSR
4	2	35.5139	OLSR
4	3	35.5139	OLSR
4	7	35.5139	OLSR
4	5	35.5139	OLSR
4	6	35.5139	OLSR
5	1	35.5921	OLSR
5	4	35.5921	OLSR
5	6	35.5921	OLSR
2	1	35.6022	OLSR
2	3	35.6022	OLSR
2	4	35.6022	OLSR
1	0	35.7404	OLSR
1	2	35.7404	OLSR
1	5	35.7404	OLSR
4	2	35.8074	OLSR
4	3	35.8074	OLSR
4	7	35.8074	OLSR
4	5	35.8074	OLSR
4	6	35.8074	OLSR
0	1	36	 UDP 49153 > 9
1	2	36.001	 UDP 49153 > 9
2	3	36.002	 UDP 49153 > 9
3	7	36.003	 UDP 49153 > 9
7	4	36.004	 UDP 9 > 49153
4	2	36.0051	 UDP 9 > 49153
2	1	36.0061	 UDP 9 > 49153
1	0	36.0071	 UDP 9 > 49153
0	1	36.0158	OLSR
5	1	36.0279	OLSR
5	4	36.0279	OLSR
5	6	36.0279	OLSR
2	1	36.0709	OLSR
2	3	36.0709	OLSR
2	4	36.0709	OLSR
1	0	36.1272	OLSR
1	2	36.1272	OLSR
1	5	36.1272	OLSR
6	4	36.2725	OLSR
6	5	36.2725	OLSR
6	7	36.2725	OLSR
4	2	36.2898	OLSR
4	3	36.2898	OLSR
4	7	36.2898	OLSR
4	5	36.2898	OLSR
4	6	36.2898	OLSR
3	2	36.4523	OLSR
3	4	36.4523	OLSR
3	7	36.4523	OLSR
7	3	36.4767	OLSR
7	4	36.4767	OLSR
7	6	36.4767	OLSR
0	1	37	 UDP 49153 > 9
1	2	37.001	 UDP 49153 > 9
2	3	37.002	 UDP 49153 > 9
3	7	37.003	 UDP 49153 > 9
7	4	37.004	 UDP 9 > 49153
4	2	37.0051	 UDP 9 > 49153
2	1	37.0061	 UDP 9 > 49153
1	0	37.0071	 UDP 9 > 49153
0	1	38	 UDP 49153 > 9
1	2	38.001	 UDP 49153 > 9
2	3	38.002	 UDP 49153 > 9
3	7	38.003	 UDP 49153 > 9
7	4	38.004	 UDP 9 > 49153
4	2	38.0051	 UDP 9 > 49153
2	1	38.0061	 UDP 9 > 49153
1	0	38.0071	 UDP 9 > 49153
0	1	38.0718	OLSR
5	1	38.0821	OLSR
5	4	38.0821	OLSR
5	6	38.0821	OLSR
1	0	38.2393	OLSR
1	2	38.2393	OLSR
1	5	38.2393	OLSR
2	1	38.2708	OLSR
2	3	38.2708	OLSR
2	4	38.2708	OLSR
6	4	38.3532	OLSR
6	5	38.3532	OLSR
6	7	38.3532	OLSR
3	2	38.4404	OLSR
3	4	38.4404	OLSR
3	7	38.4404	OLSR
4	2	38.4565	OLSR
4	3	38.4565	OLSR
4	7	38.4565	OLSR
4	5	38.4565	OLSR
4	6	38.4565	OLSR
7	3	38.4823	OLSR
7	4	38.4823	OLSR
7	6	38.4823	OLSR
0	1	39	 UDP 49153 > 9
1	2	39.001	 UDP 49153 > 9
2	3	39.002	 UDP 49153 > 9
3	7	39.003	 UDP 49153 > 9
7	4	39.004	 UDP 9 > 49153
4	2	39.0051	 UDP 9 > 49153
2	1	39.0061	 UDP 9 > 49153
1	0	39.0071	 UDP 9 > 49153
0	1	40	 UDP 49153 > 9
1	2	40.001	 UDP 49153 > 9
2	3	40.002	 UDP 49153 > 9
3	7	40.003	 UDP 49153 > 9
7	4	40.004	 UDP 9 > 49153
4	2	40.0051	 UDP 9 > 49153
2	1	40.0061	 UDP 9 > 49153
1	0	40.0071	 UDP 9 > 49153
1	0	40.0168	OLSR
1	2	40.0168	OLSR
1	5	40.0168	OLSR
7	3	40.0916	OLSR
7	4	40.0916	OLSR
7	6	40.0916	OLSR
5	1	40.1258	OLSR
5	4	40.1258	OLSR
5	6	40.1258	OLSR
3	2	40.1973	OLSR
3	4	40.1973	OLSR
3	7	40.1973	OLSR
6	4	40.2751	OLSR
6	5	40.2751	OLSR
6	7	40.2751	OLSR
5	1	40.2922	OLSR
5	4	40.2922	OLSR
5	6	40.2922	OLSR
0	1	40.3003	OLSR
1	0	40.4027	OLSR
1	2	40.4027	OLSR
1	5	40.4027	OLSR
4	2	40.4482	OLSR
4	3	40.4482	OLSR
4	7	40.4482	OLSR
4	5	40.4482	OLSR
4	6	40.4482	OLSR
2	1	40.4525	OLSR
2	3	40.4525	OLSR
2	4	40.4525	OLSR
1	0	40.6521	OLSR
1	2	40.6521	OLSR
1	5	40.6521	OLSR
4	2	40.7039	OLSR
4	3	40.7039	OLSR
4	7	40.7039	OLSR
4	5	40.7039	OLSR
4	6	40.7039	OLSR
5	1	40.7095	OLSR
5	4	40.7095	OLSR
5	6	40.7095	OLSR
0	1	41	 UDP 49153 > 9
1	2	41.001	 UDP 49153 > 9
2	3	41.002	 UDP 49153 > 9
3	7	41.003	 UDP 49153 > 9
7	4	41.004	 UDP 9 > 49153
4	2	41.0051	 UDP 9 > 49153
2	1	41.0061	 UDP 9 > 49153
1	0	41.0071	 UDP 9 > 49153
0	1	42	 UDP 49153 > 9
1	2	42.001	 UDP 49153 > 9
2	3	42.002	 UDP 49153 > 9
3	7	42.003	 UDP 49153 > 9
7	4	42.004	 UDP 9 > 49153
4	2	42.0051	 UDP 9 > 49153
2	1	42.0061	 UDP 9 > 49153
1	0	42.0071	 UDP 9 > 49153
5	1	42.0361	OLSR
5	4	42.0361	OLSR
5	6	42.0361	OLSR
4	2	42.0683	OLSR
4	3	42.0683	OLSR
4	7	42.0683	OLSR
4	5	42.0683	OLSR
4	6	42.0683	OLSR
6	4	42.1904	OLSR
6	5	42.1904	OLSR
6	7	42.1904	OLSR
7	3	42.2051	OLSR
7	4	42.2051	OLSR
7	6	42.2051	OLSR
2	1	42.231	OLSR
2	3	42.231	OLSR
2	4	42.231	OLSR
0	1	42.3449	OLSR
3	2	42.3463	OLSR
3	4	42.3463	OLSR
3	7	42.3463	OLSR
1	0	42.3636	OLSR
1	2	42.3636	OLSR
1	5	42.3636	OLSR
0	1	43	 UDP 49153 > 9
1	2	43.001	 UDP 49153 > 9
2	3	43.002	 UDP 49153 > 9
3	7	43.003	 UDP 49153 > 9
7	4	43.004	 UDP 9 > 49153
4	2	43.0051	 UDP 9 > 49153
2	1	43.0061	 UDP 9 > 49153
1	0	43.0071	 UDP 9 > 49153
0	1	44	 UDP 49153 > 9
1	2	44.001	 UDP 49153 > 9
2	3	44.002	 UDP 49153 > 9
3	7	44.003	 UDP 49153 > 9
7	4	44.004	 UDP 9 > 49153
4	2	44.0051	 UDP 9 > 49153
2	1	44.0061	 UDP 9 > 49153
1	0	44.0071	 UDP 9 > 49153
2	1	44.0096	OLSR
2	3	44.0096	OLSR
2	4	44.0096	OLSR
3	2	44.0872	OLSR
3	4	44.0872	OLSR
3	7	44.0872	OLSR
0	1	44.1294	OLSR
1	0	44.2116	OLSR
1	2	44.2116	OLSR
1	5	44.2116	OLSR
7	3	44.2186	OLSR
7	4	44.2186	OLSR
7	6	44.2186	OLSR
5	1	44.2476	OLSR
5	4	44.2476	OLSR
5	6	44.2476	OLSR
6	4	44.4727	OLSR
6	5	44.4727	OLSR
6	7	44.4727	OLSR
4	2	44.4799	OLSR
4	3	44.4799	OLSR
4	7	44.4799	OLSR
4	5	44.4799	OLSR
4	6	44.4799	OLSR
0	1	45	 UDP 49153 > 9
1	2	45.001	 UDP 49153 > 9
2	3	45.002	 UDP 49153 > 9
3	7	45.003	 UDP 49153 > 9
7	4	45.004	 UDP 9 > 49153
4	2	45.0051	 UDP 9 > 49153
2	1	45.0061	 UDP 9 > 49153
1	0	45.0071	 UDP 9 > 49153
6	4	45.0203	OLSR
6	5	45.0203	OLSR
6	7	45.0203	OLSR
3	2	45.0783	OLSR
3	4	45.0783	OLSR
3	7	45.0783	OLSR
4	2	45.1561	OLSR
4	3	45.1561	OLSR
4	7	45.1561	OLSR
4	5	45.1561	OLSR
4	6	45.1561	OLSR
1	0	45.1586	OLSR
1	2	45.1586	OLSR
1	5	45.1586	OLSR
7	3	45.2941	OLSR
7	4	45.2941	OLSR
7	6	45.2941	OLSR
2	1	45.4288	OLSR
2	3	45.4288	OLSR
2	4	45.4288	OLSR
5	1	45.4664	OLSR
5	4	45.4664	OLSR
5	6	45.4664	OLSR
4	2	45.762	OLSR
4	3	45.762	OLSR
4	7	45.762	OLSR
4	5	45.762	OLSR
4	6	45.762	OLSR
2	1	45.7862	OLSR
2	3	45.7862	OLSR
2	4	45.7862	OLSR
1	0	45.8124	OLSR
1	2	45.8124	OLSR
1	5	45.8124	OLSR
5	1	45.8563	OLSR
5	4	45.8563	OLSR
5	6	45.8563	OLSR
0	1	46	 UDP 49153 > 9
1	2	46.001	 UDP 49153 > 9
2	3	46.002	 UDP 49153 > 9
3	7	46.003	 UDP 49153 > 9
7	4	46.004	 UDP 9 > 49153
4	2	46.0051	 UDP 9 > 49153
7	3	46.0059	OLSR
7	4	46.0059	OLSR
7	6	46.0059	OLSR
2	1	46.0061	 UDP 9 > 49153
1	0	46.0071	 UDP 9 > 49153
2	1	46.0886	OLSR
2	3	46.0886	OLSR
2	4	46.0886	OLSR
5	1	46.0898	OLSR
5	4	46.0898	OLSR
5	6	46.0898	OLSR
0	1	46.1415	OLSR
1	0	46.1713	OLSR
1	2	46.1713	OLSR
1	5	46.1713	OLSR
6	4	46.2198	OLSR
6	5	46.2198	OLSR
6	7	46.2198	OLSR
3	2	46.2462	OLSR
3	4	46.2462	OLSR
3	7	46.2462	OLSR
4	2	46.2831	OLSR
4	3	46.2831	OLSR
4	7	46.2831	OLSR
4	5	46.2831	OLSR
4	6	46.2831	OLSR
0	1	47	 UDP 49153 > 9
1	2	47.001	 UDP 49153 > 9
2	3	47.002	 UDP 49153 > 9
3	7	47.003	 UDP 49153 > 9
7	4	47.004	 UDP 9 > 49153
4	2	47.0051	 UDP 9 > 49153
2	1	47.0061	 UDP 9 > 49153
1	0	47.0071	 UDP 9 > 49153
0	1	48	 UDP 49153 > 9
1	2	48.001	 UDP 49153 > 9
2	3	48.002	 UDP 49153 > 9
3	7	48.003	 UDP 49153 > 9
7	4	48.004	 UDP 9 > 49153
4	2	48.0051	 UDP 9 > 49153
2	1	48.0061	 UDP 9 > 49153
1	0	48.0071	 UDP 9 > 49153
6	4	48.0397	OLSR
6	5	48.0397	OLSR
6	7	48.0397	OLSR
3	2	48.2865	OLSR
3	4	48.2865	OLSR
3	7	48.2865	OLSR
2	1	48.2988	OLSR
2	3	48.2988	OLSR
2	4	48.2988	OLSR
7	3	48.3185	OLSR
7	4	48.3185	OLSR
7	6	48.3185	OLSR
0	1	48.3744	OLSR
1	0	48.3823	OLSR
1	2	48.3823	OLSR
1	5	48.3823	OLSR
5	1	48.3873	OLSR
5	4	48.3873	OLSR
5	6	48.3873	OLSR
4	2	48.3908	OLSR
4	3	48.3908	OLSR
4	7	48.3908	OLSR
4	5	48.3908	OLSR
4	6	48.3908	OLSR
0	1	49	 UDP 49153 > 9
1	2	49.001	 UDP 49153 > 9
2	3	49.002	 UDP 49153 > 9
3	7	49.003	 UDP 49153 > 9
7	4	49.004	 UDP 9 > 49153
4	2	49.0051	 UDP 9 > 49153
2	1	49.0061	 UDP 9 > 49153
1	0	49.0071	 UDP 9 > 49153
0	1	50	 UDP 49153 > 9
1	2	50.001	 UDP 49153 > 9
2	3	50.002	 UDP 49153 > 9
3	7	50.003	 UDP 49153 > 9
7	4	50.004	 UDP 9 > 49153
4	2	50.0051	 UDP 9 > 49153
2	1	50.0061	 UDP 9 > 49153
1	0	50.0071	 UDP 9 > 49153
1	0	50.0392	OLSR
1	2	50.0392	OLSR
1	5	50.0392	OLSR
5	1	50.0916	OLSR
5	4	50.0916	OLSR
5	6	50.0916	OLSR
2	1	50.1788	OLSR
2	3	50.1788	OLSR
2	4	50.1788	OLSR
3	2	50.1818	OLSR
3	4	50.1818	OLSR
3	7	50.1818	OLSR
6	4	50.2257	OLSR
6	5	50.2257	OLSR
6	7	50.2257	OLSR
4	2	50.2517	OLSR
4	3	50.2517	OLSR
4	7	50.2517	OLSR
4	5	50.2517	OLSR
4	6	50.2517	OLSR
1	0	50.3062	OLSR
1	2	50.3062	OLSR
1	5	50.3062	OLSR
0	1	50.4081	OLSR
7	3	50.4375	OLSR
7	4	50.4375	OLSR
7	6	50.4375	OLSR
5	1	50.5033	OLSR
5	4	50.5033	OLSR
5	6	50.5033	OLSR
2	1	50.6676	OLSR
2	3	50.6676	OLSR
2	4	50.6676	OLSR
4	2	50.7804	OLSR
4	3	50.7804	OLSR
4	7	50.7804	OLSR
4	5	50.7804	OLSR
4	6	50.7804	OLSR
1	0	50.7876	OLSR
1	2	50.7876	OLSR
1	5	50.7876	OLSR
2	1	50.8376	OLSR
2	3	50.8376	OLSR
2	4	50.8376	OLSR
1	0	50.9788	OLSR
1	2	50.9788	OLSR
1	5	50.9788	OLSR
5	1	50.987	OLSR
5	4	50.987	OLSR
5	6	50.987	OLSR
0	1	51	 UDP 49153 > 9
1	2	51.001	 UDP 49153 > 9
2	3	51.002	 UDP 49153 > 9
3	7	51.003	 UDP 49153 > 9
7	4	51.004	 UDP 9 > 49153
4	2	51.0051	 UDP 9 > 49153
2	1	51.0061	 UDP 9 > 49153
1	0	51.0071	 UDP 9 > 49153
0	1	52	 UDP 49153 > 9
1	2	52.001	 UDP 49153 > 9
2	3	52.002	 UDP 49153 > 9
3	7	52.003	 UDP 49153 > 9
7	4	52.004	 UDP 9 > 49153
4	2	52.0051	 UDP 9 > 49153
2	1	52.0061	 UDP 9 > 49153
1	0	52.0071	 UDP 9 > 49153
4	2	52.0651	OLSR
4	3	52.0651	OLSR
4	7	52.0651	OLSR
4	5	52.0651	OLSR
4	6	52.0651	OLSR
3	2	52.0946	OLSR
3	4	52.0946	OLSR
3	7	52.0946	OLSR
0	1	52.1366	OLSR
5	1	52.1902	OLSR
5	4	52.1902	OLSR
5	6	52.1902	OLSR
6	4	52.275	OLSR
6	5	52.275	OLSR
6	7	52.275	OLSR
7	3	52.2753	OLSR
7	4	52.2753	OLSR
7	6	52.2753	OLSR
1	0	52.3412	OLSR
1	2	52.3412	OLSR
1	5	52.3412	OLSR
2	1	52.3719	OLSR
2	3	52.3719	OLSR
2	4	52.3719	OLSR
0	1	53	 UDP 49153 > 9
1	2	53.001	 UDP 49153 > 9
2	3	53.002	 UDP 49153 > 9
3	7	53.003	 UDP 49153 > 9
7	4	53.004	 UDP 9 > 49153
4	2	53.0051	 UDP 9 > 49153
2	1	53.0061	 UDP 9 > 49153
1	0	53.0071	 UDP 9 > 49153
0	1	54	 UDP 49153 > 9
1	2	54.001	 UDP 49153 > 9
2	3	54.002	 UDP 49153 > 9
3	7	54.003	 UDP 49153 > 9
7	4	54.004	 UDP 9 > 49153
4	2	54.0051	 UDP 9 > 49153
2	1	54.0061	 UDP 9 > 49153
1	0	54.0071	 UDP 9 > 49153
4	2	54.008	OLSR
4	3	54.008	OLSR
4	7	54.008	OLSR
4	5	54.008	OLSR
4	6	54.008	OLSR
6	4	54.1176	OLSR
6	5	54.1176	OLSR
6	7	54.1176	OLSR
5	1	54.1348	OLSR
5	4	54.1348	OLSR
5	6	54.1348	OLSR
3	2	54.1537	OLSR
3	4	54.1537	OLSR
3	7	54.1537	OLSR
2	1	54.2875	OLSR
2	3	54.2875	OLSR
2	4	54.2875	OLSR
7	3	54.3639	OLSR
7	4	54.3639	OLSR
7	6	54.3639	OLSR
1	0	54.4262	OLSR
1	2	54.4262	OLSR
1	5	54.4262	OLSR
0	1	54.4272	OLSR
0	1	55	 UDP 49153 > 9
1	2	55.001	 UDP 49153 > 9
4	2	55.0227	OLSR
4	3	55.0227	OLSR
4	7	55.0227	OLSR
4	5	55.0227	OLSR
4	6	55.0227	OLSR
3	4	55.0347	OLSR
3	7	55.0347	OLSR
2	1	55.1077	OLSR
2	4	55.1077	OLSR
1	0	55.1539	OLSR
1	2	55.1539	OLSR
1	5	55.1539	OLSR
6	4	55.3462	OLSR
6	5	55.3462	OLSR
6	7	55.3462	OLSR
5	1	55.363	OLSR
5	4	55.363	OLSR
5	6	55.363	OLSR
7	3	55.3806	OLSR
7	4	55.3806	OLSR
7	6	55.3806	OLSR
4	2	55.4257	OLSR
4	3	55.4257	OLSR
4	7	55.4257	OLSR
4	5	55.4257	OLSR
4	6	55.4257	OLSR
2	1	55.4891	OLSR
2	4	55.4891	OLSR
1	0	55.7529	OLSR
1	2	55.7529	OLSR
1	5	55.7529	OLSR
0	1	56	 UDP 49153 > 9
1	2	56.001	 UDP 49153 > 9
5	1	56.105	OLSR
5	4	56.105	OLSR
5	6	56.105	OLSR
1	0	56.1173	OLSR
1	2	56.1173	OLSR
1	5	56.1173	OLSR
4	2	56.1732	OLSR
4	3	56.1732	OLSR
4	7	56.1732	OLSR
4	5	56.1732	OLSR
4	6	56.1732	OLSR
0	1	56.2377	OLSR
6	4	56.2553	OLSR
6	5	56.2553	OLSR
6	7	56.2553	OLSR
7	3	56.329	OLSR
7	4	56.329	OLSR
7	6	56.329	OLSR
2	1	56.3649	OLSR
2	4	56.3649	OLSR
3	4	56.4509	OLSR
3	7	56.4509	OLSR
0	1	57	 UDP 49153 > 9
1	2	57.001	 UDP 49153 > 9
0	1	58	 UDP 49153 > 9
1	2	58.001	 UDP 49153 > 9
2	1	58.0341	OLSR
2	4	58.0341	OLSR
3	4	58.0344	OLSR
3	7	58.0344	OLSR
5	1	58.0978	OLSR
5	4	58.0978	OLSR
5	6	58.0978	OLSR
0	1	58.1552	OLSR
6	4	58.3549	OLSR
6	5	58.3549	OLSR
6	7	58.3549	OLSR
1	0	58.452	OLSR
1	2	58.452	OLSR
1	5	58.452	OLSR
4	2	58.4628	OLSR
4	3	58.4628	OLSR
4	7	58.4628	OLSR
4	5	58.4628	OLSR
4	6	58.4628	OLSR
7	3	58.4652	OLSR
7	4	58.4652	OLSR
7	6	58.4652	OLSR
0	1	59	 UDP 49153 > 9
1	2	59.001	 UDP 49153 > 9
0	1	60	 UDP 49153 > 9
1	2	60.001	 UDP 49153 > 9
1	0	60.0789	OLSR
1	2	60.0789	OLSR
1	5	60.0789	OLSR
3	4	60.1603	OLSR
3	7	60.1603	OLSR
6	4	60.1941	OLSR
6	5	60.1941	OLSR
6	7	60.1941	OLSR
2	1	60.2433	OLSR
2	4	60.2433	OLSR
5	1	60.3268	OLSR
5	4	60.3268	OLSR
5	6	60.3268	OLSR
1	0	60.3963	OLSR
1	2	60.3963	OLSR
1	5	60.3963	OLSR
0	1	60.4204	OLSR
2	1	60.44	OLSR
2	4	60.44	OLSR
7	3	60.4645	OLSR
7	4	60.4645	OLSR
7	6	60.4645	OLSR
4	2	60.4985	OLSR
4	3	60.4985	OLSR
4	7	60.4985	OLSR
4	5	60.4985	OLSR
4	6	60.4985	OLSR
2	1	60.6105	OLSR
2	4	60.6105	OLSR
5	1	60.7841	OLSR
5	4	60.7841	OLSR
5	6	60.7841	OLSR
1	0	60.8291	OLSR
1	2	60.8291	OLSR
1	5	60.8291	OLSR
0	1	61	 UDP 49153 > 9
1	2	61.001	 UDP 49153 > 9
2	4	61.002	 UDP 49153 > 9
4	7	61.003	 UDP 49153 > 9
7	4	61.004	 UDP 9 > 49153
4	2	61.0051	 UDP 9 > 49153
2	1	61.0061	 UDP 9 > 49153
1	0	61.0071	 UDP 9 > 49153
5	1	61.3221	OLSR
5	4	61.3221	OLSR
5	6	61.3221	OLSR
0	1	62	 UDP 49153 > 9
1	2	62.001	 UDP 49153 > 9
2	4	62.002	 UDP 49153 > 9
4	7	62.003	 UDP 49153 > 9
7	4	62.004	 UDP 9 > 49153
4	2	62.0051	 UDP 9 > 49153
2	1	62.0061	 UDP 9 > 49153
1	0	62.0071	 UDP 9 > 49153
5	1	62.0372	OLSR
5	4	62.0372	OLSR
5	6	62.0372	OLSR
4	2	62.2527	OLSR
4	3	62.2527	OLSR
4	7	62.2527	OLSR
4	5	62.2527	OLSR
4	6	62.2527	OLSR
2	1	62.2924	OLSR
2	4	62.2924	OLSR
0	1	62.3007	OLSR
6	4	62.3324	OLSR
6	5	62.3324	OLSR
6	7	62.3324	OLSR
3	4	62.3815	OLSR
3	7	62.3815	OLSR
7	3	62.4135	OLSR
7	4	62.4135	OLSR
7	6	62.4135	OLSR
1	0	62.4146	OLSR
1	2	62.4146	OLSR
1	5	62.4146	OLSR
0	1	63	 UDP 49153 > 9
1	2	63.001	 UDP 49153 > 9
2	4	63.002	 UDP 49153 > 9
4	7	63.003	 UDP 49153 > 9
7	4	63.004	 UDP 9 > 49153
4	2	63.0051	 UDP 9 > 49153
2	1	63.0061	 UDP 9 > 49153
1	0	63.0071	 UDP 9 > 49153
0	1	64	 UDP 49153 > 9
1	2	64.001	 UDP 49153 > 9
2	4	64.002	 UDP 49153 > 9
4	7	64.003	 UDP 49153 > 9
7	4	64.004	 UDP 9 > 49153
4	2	64.0051	 UDP 9 > 49153
2	1	64.0061	 UDP 9 > 49153
1	0	64.0071	 UDP 9 > 49153
2	1	64.01	OLSR
2	4	64.01	OLSR
4	2	64.099	OLSR
4	3	64.099	OLSR
4	7	64.099	OLSR
4	5	64.099	OLSR
4	6	64.099	OLSR
3	4	64.1932	OLSR
3	7	64.1932	OLSR
7	3	64.1963	OLSR
7	4	64.1963	OLSR
7	6	64.1963	OLSR
0	1	64.217	OLSR
1	0	64.2331	OLSR
1	2	64.2331	OLSR
1	5	64.2331	OLSR
6	4	64.3047	OLSR
6	5	64.3047	OLSR
6	7	64.3047	OLSR
5	1	64.3615	OLSR
5	4	64.3615	OLSR
5	6	64.3615	OLSR
0	1	65	 UDP 49153 > 9
1	2	65.001	 UDP 49153 > 9
2	4	65.002	 UDP 49153 > 9
4	7	65.003	 UDP 49153 > 9
7	4	65.004	 UDP 9 > 49153
4	2	65.0051	 UDP 9 > 49153
2	1	65.0061	 UDP 9 > 49153
1	0	65.0071	 UDP 9 > 49153
1	0	65.0912	OLSR
1	2	65.0912	OLSR
1	5	65.0912	OLSR
6	4	65.1594	OLSR
6	5	65.1594	OLSR
6	7	65.1594	OLSR
3	4	65.3659	OLSR
3	7	65.3659	OLSR
5	1	65.381	OLSR
5	4	65.381	OLSR
5	6	65.381	OLSR
2	1	65.4238	OLSR
2	4	65.4238	OLSR
4	2	65.4479	OLSR
4	3	65.4479	OLSR
4	7	65.4479	OLSR
4	5	65.4479	OLSR
4	6	65.4479	OLSR
7	3	65.4861	OLSR
7	4	65.4861	OLSR
7	6	65.4861	OLSR
4	2	65.6995	OLSR
4	3	65.6995	OLSR
4	7	65.6995	OLSR
4	5	65.6995	OLSR
4	6	65.6995	OLSR
1	0	65.747	OLSR
1	2	65.747	OLSR
1	5	65.747	OLSR
2	1	65.862	OLSR
2	4	65.862	OLSR
5	1	65.9922	OLSR
5	4	65.9922	OLSR
5	6	65.9922	OLSR
0	1	66	 UDP 49153 > 9
1	2	66.001	 UDP 49153 > 9
2	4	66.002	 UDP 49153 > 9
4	7	66.003	 UDP 49153 > 9
7	4	66.004	 UDP 9 > 49153
4	2	66.0051	 UDP 9 > 49153
2	1	66.0061	 UDP 9 > 49153
1	0	66.0071	 UDP 9 > 49153
3	4	66.0611	OLSR
3	7	66.0611	OLSR
0	1	66.1596	OLSR
5	1	66.3356	OLSR
5	4	66.3356	OLSR
5	6	66.3356	OLSR
1	0	66.3477	OLSR
1	2	66.3477	OLSR
1	5	66.3477	OLSR
7	3	66.3679	OLSR
7	4	66.3679	OLSR
7	6	66.3679	OLSR
2	1	66.3752	OLSR
2	4	66.3752	OLSR
6	4	66.3889	OLSR
6	5	66.3889	OLSR
6	7	66.3889	OLSR
4	2	66.4806	OLSR
4	3	66.4806	OLSR
4	7	66.4806	OLSR
4	5	66.4806	OLSR
4	6	66.4806	OLSR
5	1	66.77	OLSR
5	4	66.77	OLSR
5	6	66.77	OLSR
0	1	67	 UDP 49153 > 9
1	2	67.001	 UDP 49153 > 9
2	4	67.002	 UDP 49153 > 9
4	7	67.003	 UDP 49153 > 9
7	4	67.004	 UDP 9 > 49153
4	2	67.0051	 UDP 9 > 49153
2	1	67.0061	 UDP 9 > 49153
1	0	67.0071	 UDP 9 > 49153
0	1	68	 UDP 49153 > 9
1	2	68.001	 UDP 49153 > 9
2	4	68.002	 UDP 49153 > 9
4	7	68.003	 UDP 49153 > 9
7	4	68.004	 UDP 9 > 49153
4	2	68.0051	 UDP 9 > 49153
2	1	68.0061	 UDP 9 > 49153
1	0	68.0071	 UDP 9 > 49153
7	3	68.0484	OLSR
7	4	68.0484	OLSR
7	6	68.0484	OLSR
5	1	68.166	OLSR
5	4	68.166	OLSR
5	6	68.166	OLSR
1	0	68.2952	OLSR
1	2	68.2952	OLSR
1	5	68.2952	OLSR
0	1	68.3011	OLSR
6	4	68.319	OLSR
6	5	68.319	OLSR
6	7	68.319	OLSR
3	4	68.3464	OLSR
3	7	68.3464	OLSR
2	1	68.3606	OLSR
2	4	68.3606	OLSR
4	2	68.3701	OLSR
4	3	68.3701	OLSR
4	7	68.3701	OLSR
4	5	68.3701	OLSR
4	6	68.3701	OLSR
0	1	69	 UDP 49153 > 9
1	2	69.001	 UDP 49153 > 9
2	4	69.002	 UDP 49153 > 9
4	7	69.003	 UDP 49153 > 9
7	4	69.004	 UDP 9 > 49153
4	2	69.0051	 UDP 9 > 49153
2	1	69.0061	 UDP 9 > 49153
1	0	69.0071	 UDP 9 > 49153
0	1	70	 UDP 49153 > 9
1	2	70.001	 UDP 49153 > 9
2	4	70.002	 UDP 49153 > 9
4	7	70.003	 UDP 49153 > 9
7	4	70.004	 UDP 9 > 49153
4	2	70.0051	 UDP 9 > 49153
2	1	70.0061	 UDP 9 > 49153
1	0	70.0071	 UDP 9 > 49153
7	3	70.0708	OLSR
7	4	70.0708	OLSR
7	6	70.0708	OLSR
6	4	70.2172	OLSR
6	5	70.2172	OLSR
6	7	70.2172	OLSR
1	0	70.224	OLSR
1	2	70.224	OLSR
1	5	70.224	OLSR
4	2	70.2423	OLSR
4	3	70.2423	OLSR
4	7	70.2423	OLSR
4	5	70.2423	OLSR
4	6	70.2423	OLSR
5	1	70.2781	OLSR
5	4	70.2781	OLSR
5	6	70.2781	OLSR
4	2	70.3053	OLSR
4	3	70.3053	OLSR
4	7	70.3053	OLSR
4	5	70.3053	OLSR
4	6	70.3053	OLSR
3	4	70.3375	OLSR
3	7	70.3375	OLSR
0	1	70.3661	OLSR
1	0	70.4147	OLSR
1	2	70.4147	OLSR
1	5	70.4147	OLSR
4	2	70.4337	OLSR
4	3	70.4337	OLSR
4	7	70.4337	OLSR
4	5	70.4337	OLSR
4	6	70.4337	OLSR
2	1	70.4712	OLSR
2	4	70.4712	OLSR
1	0	70.5598	OLSR
1	2	70.5598	OLSR
1	5	70.5598	OLSR
4	2	70.5969	OLSR
4	3	70.5969	OLSR
4	7	70.5969	OLSR
4	5	70.5969	OLSR
4	6	70.5969	OLSR
5	1	70.7926	OLSR
5	4	70.7926	OLSR
5	6	70.7926	OLSR
0	1	71	 UDP 49153 > 9
1	2	71.001	 UDP 49153 > 9
2	4	71.002	 UDP 49153 > 9
4	7	71.003	 UDP 49153 > 9
7	4	71.004	 UDP 9 > 49153
4	2	71.0051	 UDP 9 > 49153
2	1	71.0061	 UDP 9 > 49153
1	0	71.0071	 UDP 9 > 49153
0	1	72	 UDP 49153 > 9
1	2	72.001	 UDP 49153 > 9
2	4	72.002	 UDP 49153 > 9
4	7	72.003	 UDP 49153 > 9
7	4	72.004	 UDP 9 > 49153
4	2	72.0051	 UDP 9 > 49153
2	1	72.0061	 UDP 9 > 49153
1	0	72.0071	 UDP 9 > 49153
2	1	72.0844	OLSR
2	4	72.0844	OLSR
3	4	72.1268	OLSR
3	7	72.1268	OLSR
7	3	72.1642	OLSR
7	4	72.1642	OLSR
7	6	72.1642	OLSR
0	1	72.2164	OLSR
6	4	72.2473	OLSR
6	5	72.2473	OLSR
6	7	72.2473	OLSR
4	2	72.3065	OLSR
4	3	72.3065	OLSR
4	7	72.3065	OLSR
4	5	72.3065	OLSR
4	6	72.3065	OLSR
5	1	72.3789	OLSR
5	4	72.3789	OLSR
5	6	72.3789	OLSR
1	0	72.4186	OLSR
1	2	72.4186	OLSR
1	5	72.4186	OLSR
0	1	73	 UDP 49153 > 9
1	2	73.001	 UDP 49153 > 9
2	4	73.002	 UDP 49153 > 9
4	7	73.003	 UDP 49153 > 9
7	4	73.004	 UDP 9 > 49153
4	2	73.0051	 UDP 9 > 49153
2	1	73.0061	 UDP 9 > 49153
1	0	73.0071	 UDP 9 > 49153
0	1	74	 UDP 49153 > 9
1	2	74.001	 UDP 49153 > 9
2	4	74.002	 UDP 49153 > 9
4	7	74.003	 UDP 49153 > 9
7	4	74.004	 UDP 9 > 49153
4	2	74.0051	 UDP 9 > 49153
2	1	74.0061	 UDP 9 > 49153
1	0	74.0071	 UDP 9 > 49153
2	1	74.0971	OLSR
2	4	74.0971	OLSR
5	1	74.1719	OLSR
5	4	74.1719	OLSR
5	6	74.1719	OLSR
6	4	74.1856	OLSR
6	5	74.1856	OLSR
6	7	74.1856	OLSR
3	4	74.2323	OLSR
3	7	74.2323	OLSR
0	1	74.2371	OLSR
1	0	74.2688	OLSR
1	2	74.2688	OLSR
1	5	74.2688	OLSR
7	3	74.276	OLSR
7	4	74.276	OLSR
7	6	74.276	OLSR
4	2	74.2943	OLSR
4	3	74.2943	OLSR
4	7	74.2943	OLSR
4	5	74.2943	OLSR
4	6	74.2943	OLSR
0	1	75	 UDP 49153 > 9
5	1	75.0003	OLSR
5	4	75.0003	OLSR
5	6	75.0003	OLSR
4	2	75.0007	OLSR
4	3	75.0007	OLSR
4	7	75.0007	OLSR
4	5	75.0007	OLSR
4	6	75.0007	OLSR
1	2	75.001	 UDP 49153 > 9
2	4	75.002	 UDP 49153 > 9
4	7	75.003	 UDP 49153 > 9
7	4	75.004	 UDP 9 > 49153
4	2	75.0051	 UDP 9 > 49153
2	1	75.0061	 UDP 9 > 49153
1	0	75.0071	 UDP 9 > 49153
6	4	75.0632	OLSR
6	5	75.0632	OLSR
6	7	75.0632	OLSR
7	3	75.2562	OLSR
7	4	75.2562	OLSR
7	6	75.2562	OLSR
1	0	75.2691	OLSR
1	2	75.2691	OLSR
1	5	75.2691	OLSR
2	1	75.2828	OLSR
2	4	75.2828	OLSR
4	2	75.2871	OLSR
4	3	75.2871	OLSR
4	7	75.2871	OLSR
4	5	75.2871	OLSR
4	6	75.2871	OLSR
2	1	75.4288	OLSR
2	4	75.4288	OLSR
3	4	75.4542	OLSR
3	7	75.4542	OLSR
5	1	75.5607	OLSR
5	4	75.5607	OLSR
5	6	75.5607	OLSR
4	2	75.6412	OLSR
4	3	75.6412	OLSR
4	7	75.6412	OLSR
4	5	75.6412	OLSR
4	6	75.6412	OLSR
1	0	75.7482	OLSR
1	2	75.7482	OLSR
1	5	75.7482	OLSR
5	1	75.7619	OLSR
5	4	75.7619	OLSR
5	6	75.7619	OLSR
2	1	75.7686	OLSR
2	4	75.7686	OLSR
0	1	76	 UDP 49153 > 9
1	2	76.001	 UDP 49153 > 9
1	0	76.0018	OLSR
1	2	76.0018	OLSR
1	5	76.0018	OLSR
2	4	76.002	 UDP 49153 > 9
4	7	76.003	 UDP 49153 > 9
7	4	76.004	 UDP 9 > 49153
4	2	76.0051	 UDP 9 > 49153
2	1	76.0061	 UDP 9 > 49153
1	0	76.0071	 UDP 9 > 49153
6	4	76.1081	OLSR
6	5	76.1081	OLSR
6	7	76.1081	OLSR
2	1	76.2037	OLSR
2	4	76.2037	OLSR
3	4	76.2415	OLSR
3	7	76.2415	OLSR
5	1	76.3889	OLSR
5	4	76.3889	OLSR
5	6	76.3889	OLSR
4	2	76.436	OLSR
4	3	76.436	OLSR
4	7	76.436	OLSR
4	5	76.436	OLSR
4	6	76.436	OLSR
7	3	76.4417	OLSR
7	4	76.4417	OLSR
7	6	76.4417	OLSR
0	1	76.4688	OLSR
0	1	77	 UDP 49153 > 9
1	2	77.001	 UDP 49153 > 9
2	4	77.002	 UDP 49153 > 9
4	7	77.003	 UDP 49153 > 9
7	4	77.004	 UDP 9 > 49153
4	2	77.0051	 UDP 9 > 49153
2	1	77.0061	 UDP 9 > 49153
1	0	77.0071	 UDP 9 > 49153
0	1	78	 UDP 49153 > 9
1	2	78.001	 UDP 49153 > 9
2	4	78.002	 UDP 49153 > 9
4	7	78.003	 UDP 49153 > 9
7	4	78.004	 UDP 9 > 49153
4	2	78.0051	 UDP 9 > 49153
2	1	78.0061	 UDP 9 > 49153
1	0	78.0071	 UDP 9 > 49153
5	1	78.0215	OLSR
5	4	78.0215	OLSR
5	6	78.0215	OLSR
6	4	78.0496	OLSR
6	5	78.0496	OLSR
6	7	78.0496	OLSR
4	2	78.0687	OLSR
4	3	78.0687	OLSR
4	7	78.0687	OLSR
4	5	78.0687	OLSR
4	6	78.0687	OLSR
2	1	78.1509	OLSR
2	4	78.1509	OLSR
7	3	78.2556	OLSR
7	4	78.2556	OLSR
7	6	78.2556	OLSR
0	1	78.2673	OLSR
3	4	78.4016	OLSR
3	7	78.4016	OLSR
1	0	78.4259	OLSR
1	2	78.4259	OLSR
1	5	78.4259	OLSR
0	1	79	 UDP 49153 > 9
1	2	79.001	 UDP 49153 > 9
2	4	79.002	 UDP 49153 > 9
4	7	79.003	 UDP 49153 > 9
7	4	79.004	 UDP 9 > 49153
4	2	79.0051	 UDP 9 > 49153
2	1	79.0061	 UDP 9 > 49153
1	0	79.0071	 UDP 9 > 49153
0	1	80	 UDP 49153 > 9
1	2	80.001	 UDP 49153 > 9
2	4	80.002	 UDP 49153 > 9
4	7	80.003	 UDP 49153 > 9
7	4	80.004	 UDP 9 > 49153
4	2	80.0051	 UDP 9 > 49153
2	1	80.0061	 UDP 9 > 49153
1	0	80.0071	 UDP 9 > 49153
2	1	80.0148	OLSR
2	4	80.0148	OLSR
4	2	80.0264	OLSR
4	3	80.0264	OLSR
4	7	80.0264	OLSR
4	5	80.0264	OLSR
4	6	80.0264	OLSR
5	1	80.0395	OLSR
5	4	80.0395	OLSR
5	6	80.0395	OLSR
2	1	80.0805	OLSR
2	4	80.0805	OLSR
6	4	80.2058	OLSR
6	5	80.2058	OLSR
6	7	80.2058	OLSR
0	1	80.2613	OLSR
1	0	80.3911	OLSR
1	2	80.3911	OLSR
1	5	80.3911	OLSR
3	4	80.3923	OLSR
3	7	80.3923	OLSR
4	2	80.4312	OLSR
4	3	80.4312	OLSR
4	7	80.4312	OLSR
4	5	80.4312	OLSR
4	6	80.4312	OLSR
5	1	80.4335	OLSR
5	4	80.4335	OLSR
5	6	80.4335	OLSR
7	3	80.4693	OLSR
7	4	80.4693	OLSR
7	6	80.4693	OLSR
1	0	80.6334	OLSR
1	2	80.6334	OLSR
1	5	80.6334	OLSR
2	1	80.6782	OLSR
2	4	80.6782	OLSR
4	2	80.9116	OLSR
4	3	80.9116	OLSR
4	7	80.9116	OLSR
4	5	80.9116	OLSR
4	6	80.9116	OLSR
0	1	81	 UDP 49153 > 9
1	2	81.001	 UDP 49153 > 9
2	4	81.002	 UDP 49153 > 9
4	7	81.003	 UDP 49153 > 9
7	4	81.004	 UDP 9 > 49153
4	2	81.0051	 UDP 9 > 49153
2	1	81.0061	 UDP 9 > 49153
1	0	81.0071	 UDP 9 > 49153
1	0	81.1679	OLSR
1	2	81.1679	OLSR
1	5	81.1679	OLSR
2	1	81.2259	OLSR
2	4	81.2259	OLSR
5	1	81.5777	OLSR
5	4	81.5777	OLSR
5	6	81.5777	OLSR
1	0	81.6497	OLSR
1	2	81.6497	OLSR
1	5	81.6497	OLSR
0	1	82	 UDP 49153 > 9
1	2	82.001	 UDP 49153 > 9
2	4	82.002	 UDP 49153 > 9
4	7	82.003	 UDP 49153 > 9
7	4	82.004	 UDP 9 > 49153
4	2	82.0051	 UDP 9 > 49153
2	1	82.0061	 UDP 9 > 49153
1	0	82.0071	 UDP 9 > 49153
7	3	82.04	OLSR
7	4	82.04	OLSR
7	6	82.04	OLSR
2	1	82.0756	OLSR
2	4	82.0756	OLSR
5	1	82.0761	OLSR
5	4	82.0761	OLSR
5	6	82.0761	OLSR
3	4	82.1244	OLSR
3	7	82.1244	OLSR
1	0	82.1447	OLSR
1	2	82.1447	OLSR
1	5	82.1447	OLSR
6	4	82.1911	OLSR
6	5	82.1911	OLSR
6	7	82.1911	OLSR
4	2	82.4225	OLSR
4	3	82.4225	OLSR
4	7	82.4225	OLSR
4	5	82.4225	OLSR
4	6	82.4225	OLSR
0	1	82.4427	OLSR
0	1	83	 UDP 49153 > 9
1	2	83.001	 UDP 49153 > 9
2	4	83.002	 UDP 49153 > 9
4	7	83.003	 UDP 49153 > 9
7	4	83.004	 UDP 9 > 49153
4	2	83.0051	 UDP 9 > 49153
2	1	83.0061	 UDP 9 > 49153
1	0	83.0071	 UDP 9 > 49153
0	1	84	 UDP 49153 > 9
1	2	84.001	 UDP 49153 > 9
2	4	84.002	 UDP 49153 > 9
4	7	84.003	 UDP 49153 > 9
7	4	84.004	 UDP 9 > 49153
4	2	84.0051	 UDP 9 > 49153
2	1	84.0061	 UDP 9 > 49153
1	0	84.0071	 UDP 9 > 49153
4	2	84.023	OLSR
4	3	84.023	OLSR
4	7	84.023	OLSR
4	5	84.023	OLSR
4	6	84.023	OLSR
7	3	84.1118	OLSR
7	4	84.1118	OLSR
7	6	84.1118	OLSR
6	4	84.1227	OLSR
6	5	84.1227	OLSR
6	7	84.1227	OLSR
2	1	84.2061	OLSR
2	4	84.2061	OLSR
1	0	84.259	OLSR
1	2	84.259	OLSR
1	5	84.259	OLSR
5	1	84.3183	OLSR
5	4	84.3183	OLSR
5	6	84.3183	OLSR
0	1	84.3659	OLSR
3	4	84.4618	OLSR
3	7	84.4618	OLSR
0	1	85	 UDP 49153 > 9
1	2	85.001	 UDP 49153 > 9
2	4	85.002	 UDP 49153 > 9
4	7	85.003	 UDP 49153 > 9
7	4	85.004	 UDP 9 > 49153
4	2	85.0051	 UDP 9 > 49153
2	1	85.0061	 UDP 9 > 49153
1	0	85.0071	 UDP 9 > 49153
1	0	85.1378	OLSR
1	2	85.1378	OLSR
1	5	85.1378	OLSR
4	2	85.2419	OLSR
4	3	85.2419	OLSR
4	7	85.2419	OLSR
4	5	85.2419	OLSR
4	6	85.2419	OLSR
6	4	85.2876	OLSR
6	5	85.2876	OLSR
6	7	85.2876	OLSR
5	1	85.3279	OLSR
5	4	85.3279	OLSR
5	6	85.3279	OLSR
4	2	85.3312	OLSR
4	3	85.3312	OLSR
4	7	85.3312	OLSR
4	5	85.3312	OLSR
4	6	85.3312	OLSR
3	4	85.4014	OLSR
3	7	85.4014	OLSR
2	1	85.4449	OLSR
2	4	85.4449	OLSR
7	3	85.4957	OLSR
7	4	85.4957	OLSR
7	6	85.4957	OLSR
1	0	85.6013	OLSR
1	2	85.6013	OLSR
1	5	85.6013	OLSR
4	2	85.6417	OLSR
4	3	85.6417	OLSR
4	7	85.6417	OLSR
4	5	85.6417	OLSR
4	6	85.6417	OLSR
5	1	85.6752	OLSR
5	4	85.6752	OLSR
5	6	85.6752	OLSR
2	1	85.892	OLSR
2	4	85.892	OLSR
0	1	86	 UDP 49153 > 9
1	2	86.001	 UDP 49153 > 9
2	4	86.002	 UDP 49153 > 9
4	7	86.003	 UDP 49153 > 9
7	4	86.004	 UDP 9 > 49153
4	2	86.0051	 UDP 9 > 49153
2	1	86.0061	 UDP 9 > 49153
1	0	86.0071	 UDP 9 > 49153
6	4	86.0782	OLSR
6	5	86.0782	OLSR
6	7	86.0782	OLSR
1	0	86.0812	OLSR
1	2	86.0812	OLSR
1	5	86.0812	OLSR
4	2	86.1537	OLSR
4	3	86.1537	OLSR
4	7	86.1537	OLSR
4	5	86.1537	OLSR
4	6	86.1537	OLSR
2	1	86.2027	OLSR
2	4	86.2027	OLSR
7	3	86.4144	OLSR
7	4	86.4144	OLSR
7	6	86.4144	OLSR
3	4	86.4448	OLSR
3	7	86.4448	OLSR
5	1	86.4733	OLSR
5	4	86.4733	OLSR
5	6	86.4733	OLSR
0	1	86.4915	OLSR
0	1	87	 UDP 49153 > 9
1	2	87.001	 UDP 49153 > 9
2	4	87.002	 UDP 49153 > 9
4	7	87.003	 UDP 49153 > 9
7	4	87.004	 UDP 9 > 49153
4	2	87.0051	 UDP 9 > 49153
2	1	87.0061	 UDP 9 > 49153
1	0	87.0071	 UDP 9 > 49153
0	1	88	 UDP 49153 > 9
1	2	88.001	 UDP 49153 > 9
2	4	88.002	 UDP 49153 > 9
4	7	88.003	 UDP 49153 > 9
7	4	88.004	 UDP 9 > 49153
4	2	88.0051	 UDP 9 > 49153
2	1	88.0061	 UDP 9 > 49153
1	0	88.0071	 UDP 9 > 49153
1	0	88.0424	OLSR
1	2	88.0424	OLSR
1	5	88.0424	OLSR
7	3	88.1077	OLSR
7	4	88.1077	OLSR
7	6	88.1077	OLSR
3	4	88.2533	OLSR
3	7	88.2533	OLSR
4	2	88.295	OLSR
4	3	88.295	OLSR
4	7	88.295	OLSR
4	5	88.295	OLSR
4	6	88.295	OLSR
5	1	88.3049	OLSR
5	4	88.3049	OLSR
5	6	88.3049	OLSR
2	1	88.3657	OLSR
2	4	88.3657	OLSR
0	1	88.3697	OLSR
6	4	88.3742	OLSR
6	5	88.3742	OLSR
6	7	88.3742	OLSR
0	1	89	 UDP 49153 > 9
1	2	89.001	 UDP 49153 > 9
2	4	89.002	 UDP 49153 > 9
4	7	89.003	 UDP 49153 > 9
7	4	89.004	 UDP 9 > 49153
4	2	89.0051	 UDP 9 > 49153
2	1	89.0061	 UDP 9 > 49153
1	0	89.0071	 UDP 9 > 49153
0	1	90	 UDP 49153 > 9
1	2	90.001	 UDP 49153 > 9
2	4	90.002	 UDP 49153 > 9
4	7	90.003	 UDP 49153 > 9
7	4	90.004	 UDP 9 > 49153
4	2	90.0051	 UDP 9 > 49153
2	1	90.0061	 UDP 9 > 49153
1	0	90.0071	 UDP 9 > 49153
2	1	90.0358	OLSR
2	4	90.0358	OLSR
7	3	90.0531	OLSR
7	4	90.0531	OLSR
7	6	90.0531	OLSR
0	1	90.1641	OLSR
1	0	90.2238	OLSR
1	2	90.2238	OLSR
1	5	90.2238	OLSR
6	4	90.2891	OLSR
6	5	90.2891	OLSR
6	7	90.2891	OLSR
4	2	90.2979	OLSR
4	3	90.2979	OLSR
4	7	90.2979	OLSR
4	5	90.2979	OLSR
4	6	90.2979	OLSR
5	1	90.3675	OLSR
5	4	90.3675	OLSR
5	6	90.3675	OLSR
3	4	90.4907	OLSR
3	7	90.4907	OLSR
2	1	90.5064	OLSR
2	4	90.5064	OLSR
4	2	90.561	OLSR
4	3	90.561	OLSR
4	7	90.561	OLSR
4	5	90.561	OLSR
4	6	90.561	OLSR
1	0	90.5841	OLSR
1	2	90.5841	OLSR
1	5	90.5841	OLSR
2	1	90.8977	OLSR
2	4	90.8977	OLSR
5	1	90.9666	OLSR
5	4	90.9666	OLSR
5	6	90.9666	OLSR
0	1	91	 UDP 49153 > 9
1	2	91.001	 UDP 49153 > 9
2	4	91.002	 UDP 49153 > 9
4	7	91.003	 UDP 49153 > 9
7	4	91.004	 UDP 9 > 49153
4	2	91.0051	 UDP 9 > 49153
2	1	91.0061	 UDP 9 > 49153
1	0	91.0071	 UDP 9 > 49153
1	0	91.3593	OLSR
1	2	91.3593	OLSR
1	5	91.3593	OLSR
5	1	91.6181	OLSR
5	4	91.6181	OLSR
5	6	91.6181	OLSR
0	1	92	 UDP 49153 > 9
1	2	92.001	 UDP 49153 > 9
2	4	92.002	 UDP 49153 > 9
4	7	92.003	 UDP 49153 > 9
7	4	92.004	 UDP 9 > 49153
4	2	92.0051	 UDP 9 > 49153
2	1	92.0061	 UDP 9 > 49153
1	0	92.0071	 UDP 9 > 49153
3	4	92.0167	OLSR
3	7	92.0167	OLSR
4	2	92.0327	OLSR
4	3	92.0327	OLSR
4	7	92.0327	OLSR
4	5	92.0327	OLSR
4	6	92.0327	OLSR
2	1	92.0517	OLSR
2	4	92.0517	OLSR
0	1	92.1106	OLSR
1	0	92.2849	OLSR
1	2	92.2849	OLSR
1	5	92.2849	OLSR
7	3	92.2944	OLSR
7	4	92.2944	OLSR
7	6	92.2944	OLSR
6	4	92.355	OLSR
6	5	92.355	OLSR
6	7	92.355	OLSR
5	1	92.485	OLSR
5	4	92.485	OLSR
5	6	92.485	OLSR
0	1	93	 UDP 49153 > 9
1	2	93.001	 UDP 49153 > 9
2	4	93.002	 UDP 49153 > 9
4	7	93.003	 UDP 49153 > 9
7	4	93.004	 UDP 9 > 49153
4	2	93.0051	 UDP 9 > 49153
2	1	93.0061	 UDP 9 > 49153
1	0	93.0071	 UDP 9 > 49153
0	1	94	 UDP 49153 > 9
1	2	94.001	 UDP 49153 > 9
2	4	94.002	 UDP 49153 > 9
4	7	94.003	 UDP 49153 > 9
7	4	94.004	 UDP 9 > 49153
4	2	94.0051	 UDP 9 > 49153
2	1	94.0061	 UDP 9 > 49153
1	0	94.0071	 UDP 9 > 49153
1	0	94.0263	OLSR
1	2	94.0263	OLSR
1	5	94.0263	OLSR
3	4	94.0669	OLSR
3	7	94.0669	OLSR
6	4	94.1364	OLSR
6	5	94.1364	OLSR
6	7	94.1364	OLSR
4	2	94.1536	OLSR
4	3	94.1536	OLSR
4	7	94.1536	OLSR
4	5	94.1536	OLSR
4	6	94.1536	OLSR
0	1	94.278	OLSR
7	3	94.3623	OLSR
7	4	94.3623	OLSR
7	6	94.3623	OLSR
5	1	94.3888	OLSR
5	4	94.3888	OLSR
5	6	94.3888	OLSR
2	1	94.4411	OLSR
2	4	94.4411	OLSR
0	1	95	 UDP 49153 > 9
1	2	95.001	 UDP 49153 > 9
2	4	95.002	 UDP 49153 > 9
4	7	95.003	 UDP 49153 > 9
7	4	95.004	 UDP 9 > 49153
4	2	95.0051	 UDP 9 > 49153
2	1	95.0061	 UDP 9 > 49153
1	0	95.0071	 UDP 9 > 49153
2	1	95.0468	OLSR
2	4	95.0468	OLSR
7	3	95.1111	OLSR
7	4	95.1111	OLSR
7	6	95.1111	OLSR
4	2	95.1435	OLSR
4	3	95.1435	OLSR
4	7	95.1435	OLSR
4	5	95.1435	OLSR
4	6	95.1435	OLSR
2	1	95.172	OLSR
2	4	95.172	OLSR
5	1	95.2003	OLSR
5	4	95.2003	OLSR
5	6	95.2003	OLSR
3	4	95.2265	OLSR
3	7	95.2265	OLSR
1	0	95.2945	OLSR
1	2	95.2945	OLSR
1	5	95.2945	OLSR
5	1	95.3835	OLSR
5	4	95.3835	OLSR
5	6	95.3835	OLSR
6	4	95.4667	OLSR
6	5	95.4667	OLSR
6	7	95.4667	OLSR
4	2	95.5353	OLSR
4	3	95.5353	OLSR
4	7	95.5353	OLSR
4	5	95.5353	OLSR
4	6	95.5353	OLSR
5	1	95.5559	OLSR
5	4	95.5559	OLSR
5	6	95.5559	OLSR
1	0	95.5685	OLSR
1	2	95.5685	OLSR
1	5	95.5685	OLSR
2	1	95.6918	OLSR
2	4	95.6918	OLSR
0	1	96	 UDP 49153 > 9
1	2	96.001	 UDP 49153 > 9
2	4	96.002	 UDP 49153 > 9
4	7	96.003	 UDP 49153 > 9
7	4	96.004	 UDP 9 > 49153
4	2	96.0051	 UDP 9 > 49153
2	1	96.0061	 UDP 9 > 49153
1	0	96.0071	 UDP 9 > 49153
2	1	96.0659	OLSR
2	4	96.0659	OLSR
4	2	96.0682	OLSR
4	3	96.0682	OLSR
4	7	96.0682	OLSR
4	5	96.0682	OLSR
4	6	96.0682	OLSR
1	0	96.0745	OLSR
1	2	96.0745	OLSR
1	5	96.0745	OLSR
6	4	96.1404	OLSR
6	5	96.1404	OLSR
6	7	96.1404	OLSR
3	4	96.2566	OLSR
3	7	96.2566	OLSR
0	1	96.2744	OLSR
5	1	96.349	OLSR
5	4	96.349	OLSR
5	6	96.349	OLSR
7	3	96.3863	OLSR
7	4	96.3863	OLSR
7	6	96.3863	OLSR
0	1	97	 UDP 49153 > 9
1	2	97.001	 UDP 49153 > 9
2	4	97.002	 UDP 49153 > 9
4	7	97.003	 UDP 49153 > 9
7	4	97.004	 UDP 9 > 49153
4	2	97.0051	 UDP 9 > 49153
2	1	97.0061	 UDP 9 > 49153
1	0	97.0071	 UDP 9 > 49153
0	1	98	 UDP 49153 > 9
1	2	98.001	 UDP 49153 > 9
2	4	98.002	 UDP 49153 > 9
4	7	98.003	 UDP 49153 > 9
7	4	98.004	 UDP 9 > 49153
4	2	98.0051	 UDP 9 > 49153
2	1	98.0061	 UDP 9 > 49153
1	0	98.0071	 UDP 9 > 49153
1	0	98.1246	OLSR
1	2	98.1246	OLSR
1	5	98.1246	OLSR
3	4	98.1662	OLSR
3	7	98.1662	OLSR
2	1	98.1878	OLSR
2	4	98.1878	OLSR
7	3	98.1978	OLSR
7	4	98.1978	OLSR
7	6	98.1978	OLSR
6	4	98.3584	OLSR
6	5	98.3584	OLSR
6	7	98.3584	OLSR
4	2	98.4305	OLSR
4	3	98.4305	OLSR
4	7	98.4305	OLSR
4	5	98.4305	OLSR
4	6	98.4305	OLSR
5	1	98.4313	OLSR
5	4	98.4313	OLSR
5	6	98.4313	OLSR
0	1	98.4427	OLSR
0	1	99	 UDP 49153 > 9
1	2	99.001	 UDP 49153 > 9
2	4	99.002	 UDP 49153 > 9
4	7	99.003	 UDP 49153 > 9
7	4	99.004	 UDP 9 > 49153
4	2	99.0051	 UDP 9 > 49153
2	1	99.0061	 UDP 9 > 49153
1	0	99.0071	 UDP 9 > 49153
0	1	100	 UDP 49153 > 9
1	2	100.001	 UDP 49153 > 9
2	4	100.002	 UDP 49153 > 9
4	7	100.003	 UDP 49153 > 9
7	4	100.004	 UDP 9 > 49153
4	2	100.005	 UDP 9 > 49153
2	1	100.006	 UDP 9 > 49153
1	0	100.007	 UDP 9 > 49153
0	1	100.074	OLSR
1	0	100.155	OLSR
1	2	100.155	OLSR
1	5	100.155	OLSR
3	4	100.224	OLSR
3	7	100.224	OLSR
7	3	100.241	OLSR
7	4	100.241	OLSR
7	6	100.241	OLSR
6	4	100.295	OLSR
6	5	100.295	OLSR
6	7	100.295	OLSR
4	2	100.35	OLSR
4	3	100.35	OLSR
4	7	100.35	OLSR
4	5	100.35	OLSR
4	6	100.35	OLSR
2	1	100.394	OLSR
2	4	100.394	OLSR
5	1	100.44	OLSR
5	4	100.44	OLSR
5	6	100.44	OLSR
1	0	100.478	OLSR
1	2	100.478	OLSR
1	5	100.478	OLSR
5	1	100.682	OLSR
5	4	100.682	OLSR
5	6	100.682	OLSR
4	2	100.698	OLSR
4	3	100.698	OLSR
4	7	100.698	OLSR
4	5	100.698	OLSR
4	6	100.698	OLSR
0	1	101	 UDP 49153 > 9
1	2	101.001	 UDP 49153 > 9
2	4	101.002	 UDP 49153 > 9
4	7	101.003	 UDP 49153 > 9
7	4	101.004	 UDP 9 > 49153
4	2	101.005	 UDP 9 > 49153
2	1	101.006	 UDP 9 > 49153
1	0	101.007	 UDP 9 > 49153
2	1	101.094	OLSR
2	4	101.094	OLSR
0	1	102	 UDP 49153 > 9
1	2	102.001	 UDP 49153 > 9
2	4	102.002	 UDP 49153 > 9
4	7	102.003	 UDP 49153 > 9
7	4	102.004	 UDP 9 > 49153
4	2	102.005	 UDP 9 > 49153
2	1	102.006	 UDP 9 > 49153
1	0	102.007	 UDP 9 > 49153
3	4	102.017	OLSR
3	7	102.017	OLSR
4	2	102.019	OLSR
4	3	102.019	OLSR
4	7	102.019	OLSR
4	5	102.019	OLSR
4	6	102.019	OLSR
5	1	102.021	OLSR
5	4	102.021	OLSR
5	6	102.021	OLSR
2	1	102.149	OLSR
2	4	102.149	OLSR
6	4	102.258	OLSR
6	5	102.258	OLSR
6	7	102.258	OLSR
0	1	102.361	OLSR
1	0	102.444	OLSR
1	2	102.444	OLSR
1	5	102.444	OLSR
7	3	102.476	OLSR
7	4	102.476	OLSR
7	6	102.476	OLSR
0	1	103	 UDP 49153 > 9
1	2	103.001	 UDP 49153 > 9
2	4	103.002	 UDP 49153 > 9
4	7	103.003	 UDP 49153 > 9
7	4	103.004	 UDP 9 > 49153
4	2	103.005	 UDP 9 > 49153
2	1	103.006	 UDP 9 > 49153
1	0	103.007	 UDP 9 > 49153
0	1	104	 UDP 49153 > 9
1	2	104.001	 UDP 49153 > 9
2	4	104.002	 UDP 49153 > 9
4	7	104.003	 UDP 49153 > 9
7	4	104.004	 UDP 9 > 49153
4	2	104.005	 UDP 9 > 49153
2	1	104.006	 UDP 9 > 49153
1	0	104.007	 UDP 9 > 49153
4	2	104.07	OLSR
4	3	104.07	OLSR
4	7	104.07	OLSR
4	5	104.07	OLSR
4	6	104.07	OLSR
5	1	104.105	OLSR
5	4	104.105	OLSR
5	6	104.105	OLSR
1	0	104.11	OLSR
1	2	104.11	OLSR
1	5	104.11	OLSR
7	3	104.123	OLSR
7	4	104.123	OLSR
7	6	104.123	OLSR
6	4	104.324	OLSR
6	5	104.324	OLSR
6	7	104.324	OLSR
2	1	104.42	OLSR
2	4	104.42	OLSR
3	4	104.443	OLSR
3	7	104.443	OLSR
0	1	104.478	OLSR
0	1	105	 UDP 49153 > 9
1	2	105.001	 UDP 49153 > 9
2	4	105.002	 UDP 49153 > 9
4	7	105.003	 UDP 49153 > 9
7	4	105.004	 UDP 9 > 49153
4	2	105.005	 UDP 9 > 49153
2	1	105.006	 UDP 9 > 49153
1	0	105.007	 UDP 9 > 49153
3	4	105.135	OLSR
3	7	105.135	OLSR
1	0	105.201	OLSR
1	2	105.201	OLSR
1	5	105.201	OLSR
2	1	105.298	OLSR
2	4	105.298	OLSR
6	4	105.304	OLSR
6	5	105.304	OLSR
6	7	105.304	OLSR
5	1	105.311	OLSR
5	4	105.311	OLSR
5	6	105.311	OLSR
4	2	105.353	OLSR
4	3	105.353	OLSR
4	7	105.353	OLSR
4	5	105.353	OLSR
4	6	105.353	OLSR
1	0	105.382	OLSR
1	2	105.382	OLSR
1	5	105.382	OLSR
7	3	105.488	OLSR
7	4	105.488	OLSR
7	6	105.488	OLSR
5	1	105.57	OLSR
5	4	105.57	OLSR
5	6	105.57	OLSR
2	1	105.578	OLSR
2	4	105.578	OLSR
4	2	105.668	OLSR
4	3	105.668	OLSR
4	7	105.668	OLSR
4	5	105.668	OLSR
4	6	105.668	OLSR
1	0	105.757	OLSR
1	2	105.757	OLSR
1	5	105.757	OLSR
2	1	105.897	OLSR
2	4	105.897	OLSR
0	1	106	 UDP 49153 > 9
1	2	106.001	 UDP 49153 > 9
2	4	106.002	 UDP 49153 > 9
4	7	106.003	 UDP 49153 > 9
7	4	106.004	 UDP 9 > 49153
4	2	106.005	 UDP 9 > 49153
2	1	106.006	 UDP 9 > 49153
1	0	106.007	 UDP 9 > 49153
0	1	106.017	OLSR
5	1	106.026	OLSR
5	4	106.026	OLSR
5	6	106.026	OLSR
1	0	106.06	OLSR
1	2	106.06	OLSR
1	5	106.06	OLSR
4	2	106.172	OLSR
4	3	106.172	OLSR
4	7	106.172	OLSR
4	5	106.172	OLSR
4	6	106.172	OLSR
5	1	106.264	OLSR
5	4	106.264	OLSR
5	6	106.264	OLSR
3	4	106.274	OLSR
3	7	106.274	OLSR
2	1	106.276	OLSR
2	4	106.276	OLSR
6	4	106.332	OLSR
6	5	106.332	OLSR
6	7	106.332	OLSR
7	3	106.457	OLSR
7	4	106.457	OLSR
7	6	106.457	OLSR
0	1	107	 UDP 49153 > 9
1	2	107.001	 UDP 49153 > 9
2	4	107.002	 UDP 49153 > 9
4	7	107.003	 UDP 49153 > 9
7	4	107.004	 UDP 9 > 49153
4	2	107.005	 UDP 9 > 49153
2	1	107.006	 UDP 9 > 49153
1	0	107.007	 UDP 9 > 49153
0	1	108	 UDP 49153 > 9
1	2	108.001	 UDP 49153 > 9
2	4	108.002	 UDP 49153 > 9
4	7	108.003	 UDP 49153 > 9
7	4	108.004	 UDP 9 > 49153
4	2	108.005	 UDP 9 > 49153
2	1	108.006	 UDP 9 > 49153
1	0	108.007	 UDP 9 > 49153
6	4	108.061	OLSR
6	5	108.061	OLSR
6	7	108.061	OLSR
4	2	108.086	OLSR
4	3	108.086	OLSR
4	7	108.086	OLSR
4	5	108.086	OLSR
4	6	108.086	OLSR
3	4	108.118	OLSR
3	7	108.118	OLSR
7	3	108.18	OLSR
7	4	108.18	OLSR
7	6	108.18	OLSR
5	1	108.284	OLSR
5	4	108.284	OLSR
5	6	108.284	OLSR
0	1	108.328	OLSR
1	0	108.359	OLSR
1	2	108.359	OLSR
1	5	108.359	OLSR
2	1	108.466	OLSR
2	4	108.466	OLSR
0	1	109	 UDP 49153 > 9
1	2	109.001	 UDP 49153 > 9
2	4	109.002	 UDP 49153 > 9
4	7	109.003	 UDP 49153 > 9
7	4	109.004	 UDP 9 > 49153
4	2	109.005	 UDP 9 > 49153
2	1	109.006	 UDP 9 > 49153
1	0	109.007	 UDP 9 > 49153
0	1	110	 UDP 49153 > 9
1	2	110.001	 UDP 49153 > 9
2	4	110.002	 UDP 49153 > 9
4	7	110.003	 UDP 49153 > 9
7	4	110.004	 UDP 9 > 49153
4	2	110.005	 UDP 9 > 49153
2	1	110.006	 UDP 9 > 49153
1	0	110.007	 UDP 9 > 49153
5	1	110.103	OLSR
5	4	110.103	OLSR
5	6	110.103	OLSR
7	3	110.123	OLSR
7	4	110.123	OLSR
7	6	110.123	OLSR
3	2	110.134	OLSR
3	4	110.134	OLSR
3	7	110.134	OLSR
6	4	110.162	OLSR
6	5	110.162	OLSR
6	7	110.162	OLSR
4	2	110.192	OLSR
4	3	110.192	OLSR
4	7	110.192	OLSR
4	5	110.192	OLSR
4	6	110.192	OLSR
2	1	110.251	OLSR
2	3	110.251	OLSR
2	4	110.251	OLSR
5	1	110.299	OLSR
5	4	110.299	OLSR
5	6	110.299	OLSR
4	2	110.444	OLSR
4	3	110.444	OLSR
4	7	110.444	OLSR
4	5	110.444	OLSR
4	6	110.444	OLSR
0	1	110.472	OLSR
1	0	110.477	OLSR
1	2	110.477	OLSR
1	5	110.477	OLSR
5	1	110.916	OLSR
5	4	110.916	OLSR
5	6	110.916	OLSR
0	1	111	 UDP 49153 > 9
1	2	111.001	 UDP 49153 > 9
2	4	111.002	 UDP 49153 > 9
4	7	111.003	 UDP 49153 > 9
7	4	111.004	 UDP 9 > 49153
4	2	111.005	 UDP 9 > 49153
2	1	111.006	 UDP 9 > 49153
1	0	111.007	 UDP 9 > 49153
4	2	111.368	OLSR
4	3	111.368	OLSR
4	7	111.368	OLSR
4	5	111.368	OLSR
4	6	111.368	OLSR
2	1	111.707	OLSR
2	3	111.707	OLSR
2	4	111.707	OLSR
0	1	112	 UDP 49153 > 9
1	2	112.001	 UDP 49153 > 9
2	4	112.002	 UDP 49153 > 9
4	7	112.003	 UDP 49153 > 9
7	4	112.004	 UDP 9 > 49153
4	2	112.005	 UDP 9 > 49153
2	1	112.006	 UDP 9 > 49153
1	0	112.007	 UDP 9 > 49153
4	2	112.01	OLSR
4	3	112.01	OLSR
4	7	112.01	OLSR
4	5	112.01	OLSR
4	6	112.01	OLSR
5	1	112.021	OLSR
5	4	112.021	OLSR
5	6	112.021	OLSR
2	1	112.16	OLSR
2	3	112.16	OLSR
2	4	112.16	OLSR
1	0	112.236	OLSR
1	2	112.236	OLSR
1	5	112.236	OLSR
3	2	112.292	OLSR
3	4	112.292	OLSR
3	7	112.292	OLSR
6	4	112.463	OLSR
6	5	112.463	OLSR
6	7	112.463	OLSR
7	3	112.471	OLSR
7	4	112.471	OLSR
7	6	112.471	OLSR
0	1	112.491	OLSR
0	1	113	 UDP 49153 > 9
1	2	113.001	 UDP 49153 > 9
2	3	113.002	 UDP 49153 > 9
3	7	113.003	 UDP 49153 > 9
7	4	113.004	 UDP 9 > 49153
4	2	113.005	 UDP 9 > 49153
2	1	113.006	 UDP 9 > 49153
1	0	113.007	 UDP 9 > 49153
0	1	114	 UDP 49153 > 9
1	2	114.001	 UDP 49153 > 9
2	3	114.002	 UDP 49153 > 9
3	7	114.003	 UDP 49153 > 9
7	4	114.004	 UDP 9 > 49153
4	2	114.005	 UDP 9 > 49153
2	1	114.006	 UDP 9 > 49153
1	0	114.007	 UDP 9 > 49153
4	2	114.037	OLSR
4	3	114.037	OLSR
4	7	114.037	OLSR
4	5	114.037	OLSR
4	6	114.037	OLSR
6	4	114.053	OLSR
6	5	114.053	OLSR
6	7	114.053	OLSR
1	0	114.096	OLSR
1	2	114.096	OLSR
1	5	114.096	OLSR
7	3	114.135	OLSR
7	4	114.135	OLSR
7	6	114.135	OLSR
0	1	114.256	OLSR
2	1	114.324	OLSR
2	3	114.324	OLSR
2	4	114.324	OLSR
3	2	114.455	OLSR
3	4	114.455	OLSR
3	7	114.455	OLSR
5	1	114.497	OLSR
5	4	114.497	OLSR
5	6	114.497	OLSR
0	1	115	 UDP 49153 > 9
1	2	115.001	 UDP 49153 > 9
2	3	115.002	 UDP 49153 > 9
3	7	115.003	 UDP 49153 > 9
7	4	115.004	 UDP 9 > 49153
4	2	115.005	 UDP 9 > 49153
2	1	115.006	 UDP 9 > 49153
1	0	115.007	 UDP 9 > 49153
6	4	115.015	OLSR
6	5	115.015	OLSR
6	7	115.015	OLSR
4	2	115.031	OLSR
4	3	115.031	OLSR
4	7	115.031	OLSR
4	5	115.031	OLSR
4	6	115.031	OLSR
2	1	115.252	OLSR
2	3	115.252	OLSR
2	4	115.252	OLSR
1	0	115.338	OLSR
1	2	115.338	OLSR
1	5	115.338	OLSR
7	3	115.378	OLSR
7	4	115.378	OLSR
7	6	115.378	OLSR
5	1	115.45	OLSR
5	4	115.45	OLSR
5	6	115.45	OLSR
3	2	115.487	OLSR
3	4	115.487	OLSR
3	7	115.487	OLSR
4	2	115.733	OLSR
4	3	115.733	OLSR
4	7	115.733	OLSR
4	5	115.733	OLSR
4	6	115.733	OLSR
1	0	115.769	OLSR
1	2	115.769	OLSR
1	5	115.769	OLSR
2	1	115.77	OLSR
2	3	115.77	OLSR
2	4	115.77	OLSR
1	0	115.869	OLSR
1	2	115.869	OLSR
1	5	115.869	OLSR
5	1	115.961	OLSR
5	4	115.961	OLSR
5	6	115.961	OLSR
0	1	116	 UDP 49153 > 9
1	2	116.001	 UDP 49153 > 9
2	3	116.002	 UDP 49153 > 9
3	7	116.003	 UDP 49153 > 9
7	4	116.004	 UDP 9 > 49153
4	2	116.005	 UDP 9 > 49153
2	1	116.006	 UDP 9 > 49153
1	0	116.007	 UDP 9 > 49153
0	1	116.013	OLSR
3	2	116.062	OLSR
3	4	116.062	OLSR
3	7	116.062	OLSR
6	4	116.079	OLSR
6	5	116.079	OLSR
6	7	116.079	OLSR
4	2	116.313	OLSR
4	3	116.313	OLSR
4	7	116.313	OLSR
4	5	116.313	OLSR
4	6	116.313	OLSR
2	1	116.345	OLSR
2	3	116.345	OLSR
2	4	116.345	OLSR
7	3	116.394	OLSR
7	4	116.394	OLSR
7	6	116.394	OLSR
1	0	116.423	OLSR
1	2	116.423	OLSR
1	5	116.423	OLSR
5	1	116.426	OLSR
5	4	116.426	OLSR
5	6	116.426	OLSR
0	1	117	 UDP 49153 > 9
1	2	117.001	 UDP 49153 > 9
2	3	117.002	 UDP 49153 > 9
3	7	117.003	 UDP 49153 > 9
7	4	117.004	 UDP 9 > 49153
4	2	117.005	 UDP 9 > 49153
2	1	117.006	 UDP 9 > 49153
1	0	117.007	 UDP 9 > 49153
0	1	118	 UDP 49153 > 9
1	2	118.001	 UDP 49153 > 9
2	3	118.002	 UDP 49153 > 9
1	0	118.003	OLSR
1	2	118.003	OLSR
1	5	118.003	OLSR
3	7	118.003	 UDP 49153 > 9
7	4	118.004	 UDP 9 > 49153
4	2	118.005	 UDP 9 > 49153
2	1	118.006	 UDP 9 > 49153
1	0	118.007	 UDP 9 > 49153
3	2	118.059	OLSR
3	4	118.059	OLSR
3	7	118.059	OLSR
5	1	118.062	OLSR
5	4	118.062	OLSR
5	6	118.062	OLSR
6	4	118.088	OLSR
6	5	118.088	OLSR
6	7	118.088	OLSR
7	3	118.105	OLSR
7	4	118.105	OLSR
7	6	118.105	OLSR
0	1	118.222	OLSR
2	1	118.259	OLSR
2	3	118.259	OLSR
2	4	118.259	OLSR
4	2	118.381	OLSR
4	3	118.381	OLSR
4	7	118.381	OLSR
4	5	118.381	OLSR
4	6	118.381	OLSR
0	1	119	 UDP 49153 > 9
1	2	119.001	 UDP 49153 > 9
2	3	119.002	 UDP 49153 > 9
3	7	119.003	 UDP 49153 > 9
7	4	119.004	 UDP 9 > 49153
4	2	119.005	 UDP 9 > 49153
2	1	119.006	 UDP 9 > 49153
1	0	119.007	 UDP 9 > 49153
0	1	120	 UDP 49153 > 9
1	2	120.001	 UDP 49153 > 9
2	3	120.002	 UDP 49153 > 9
3	7	120.003	 UDP 49153 > 9
7	4	120.004	 UDP 9 > 49153
4	2	120.005	 UDP 9 > 49153
2	1	120.006	 UDP 9 > 49153
1	0	120.007	 UDP 9 > 49153
2	1	120.069	OLSR
2	3	120.069	OLSR
2	4	120.069	OLSR
6	4	120.135	OLSR
6	5	120.135	OLSR
6	7	120.135	OLSR
1	0	120.166	OLSR
1	2	120.166	OLSR
1	5	120.166	OLSR
4	2	120.232	OLSR
4	3	120.232	OLSR
4	7	120.232	OLSR
4	5	120.232	OLSR
4	6	120.232	OLSR
7	3	120.301	OLSR
7	4	120.301	OLSR
7	6	120.301	OLSR
2	1	120.339	OLSR
2	3	120.339	OLSR
2	4	120.339	OLSR
3	2	120.379	OLSR
3	4	120.379	OLSR
3	7	120.379	OLSR
5	1	120.395	OLSR
5	4	120.395	OLSR
5	6	120.395	OLSR
0	1	120.399	OLSR
2	1	120.494	OLSR
2	3	120.494	OLSR
2	4	120.494	OLSR
4	2	120.68	OLSR
4	3	120.68	OLSR
4	7	120.68	OLSR
4	5	120.68	OLSR
4	6	120.68	OLSR
1	0	120.793	OLSR
1	2	120.793	OLSR
1	5	120.793	OLSR
5	1	120.85	OLSR
5	4	120.85	OLSR
5	6	120.85	OLSR
2	1	120.973	OLSR
2	3	120.973	OLSR
2	4	120.973	OLSR
0	1	121	 UDP 49153 > 9
1	2	121.001	 UDP 49153 > 9
2	3	121.002	 UDP 49153 > 9
3	7	121.003	 UDP 49153 > 9
7	4	121.004	 UDP 9 > 49153
4	2	121.005	 UDP 9 > 49153
2	1	121.006	 UDP 9 > 49153
1	0	121.007	 UDP 9 > 49153
1	0	121.341	OLSR
1	2	121.341	OLSR
1	5	121.341	OLSR
5	1	121.83	OLSR
5	4	121.83	OLSR
5	6	121.83	OLSR
0	1	122	 UDP 49153 > 9
1	2	122.001	 UDP 49153 > 9
2	3	122.002	 UDP 49153 > 9
3	7	122.003	 UDP 49153 > 9
7	4	122.004	 UDP 9 > 49153
4	2	122.005	 UDP 9 > 49153
2	1	122.006	 UDP 9 > 49153
1	0	122.007	 UDP 9 > 49153
5	1	122.062	OLSR
5	4	122.062	OLSR
5	6	122.062	OLSR
0	1	122.149	OLSR
3	2	122.227	OLSR
3	4	122.227	OLSR
3	7	122.227	OLSR
2	1	122.338	OLSR
2	3	122.338	OLSR
2	4	122.338	OLSR
1	0	122.35	OLSR
1	2	122.35	OLSR
1	5	122.35	OLSR
4	2	122.406	OLSR
4	3	122.406	OLSR
4	7	122.406	OLSR
4	5	122.406	OLSR
4	6	122.406	OLSR
6	4	122.422	OLSR
6	5	122.422	OLSR
6	7	122.422	OLSR
7	3	122.443	OLSR
7	4	122.443	OLSR
7	6	122.443	OLSR
0	1	123	 UDP 49153 > 9
1	2	123.001	 UDP 49153 > 9
2	3	123.002	 UDP 49153 > 9
3	7	123.003	 UDP 49153 > 9
7	4	123.004	 UDP 9 > 49153
4	2	123.005	 UDP 9 > 49153
2	1	123.006	 UDP 9 > 49153
1	0	123.007	 UDP 9 > 49153
0	1	124	 UDP 49153 > 9
1	2	124.001	 UDP 49153 > 9
2	3	124.002	 UDP 49153 > 9
3	7	124.003	 UDP 49153 > 9
7	4	124.004	 UDP 9 > 49153
4	2	124.005	 UDP 9 > 49153
2	1	124.006	 UDP 9 > 49153
1	0	124.007	 UDP 9 > 49153
6	4	124.021	OLSR
6	5	124.021	OLSR
6	7	124.021	OLSR
7	3	124.068	OLSR
7	4	124.068	OLSR
7	6	124.068	OLSR
2	1	124.106	OLSR
2	3	124.106	OLSR
2	4	124.106	OLSR
1	0	124.309	OLSR
1	2	124.309	OLSR
1	5	124.309	OLSR
5	1	124.361	OLSR
5	4	124.361	OLSR
5	6	124.361	OLSR
4	2	124.383	OLSR
4	3	124.383	OLSR
4	7	124.383	OLSR
4	5	124.383	OLSR
4	6	124.383	OLSR
0	1	124.474	OLSR
3	2	124.479	OLSR
3	4	124.479	OLSR
3	7	124.479	OLSR
0	1	125	 UDP 49153 > 9
1	2	125.001	 UDP 49153 > 9
2	3	125.002	 UDP 49153 > 9
3	7	125.003	 UDP 49153 > 9
7	4	125.004	 UDP 9 > 49153
4	2	125.005	 UDP 9 > 49153
2	1	125.006	 UDP 9 > 49153
1	0	125.007	 UDP 9 > 49153
3	2	125.196	OLSR
3	4	125.196	OLSR
3	7	125.196	OLSR
4	2	125.217	OLSR
4	3	125.217	OLSR
4	7	125.217	OLSR
4	5	125.217	OLSR
4	6	125.217	OLSR
7	3	125.226	OLSR
7	4	125.226	OLSR
7	6	125.226	OLSR
6	4	125.252	OLSR
6	5	125.252	OLSR
6	7	125.252	OLSR
2	1	125.266	OLSR
2	3	125.266	OLSR
2	4	125.266	OLSR
5	1	125.276	OLSR
5	4	125.276	OLSR
5	6	125.276	OLSR
1	0	125.375	OLSR
1	2	125.375	OLSR
1	5	125.375	OLSR
5	1	125.711	OLSR
5	4	125.711	OLSR
5	6	125.711	OLSR
4	2	125.716	OLSR
4	3	125.716	OLSR
4	7	125.716	OLSR
4	5	125.716	OLSR
4	6	125.716	OLSR
2	1	125.82	OLSR
2	3	125.82	OLSR
2	4	125.82	OLSR
0	1	126	 UDP 49153 > 9
1	2	126.001	 UDP 49153 > 9
2	3	126.002	 UDP 49153 > 9
3	7	126.003	 UDP 49153 > 9
7	4	126.004	 UDP 9 > 49153
4	2	126.005	 UDP 9 > 49153
2	1	126.006	 UDP 9 > 49153
1	0	126.007	 UDP 9 > 49153
5	1	126.022	OLSR
5	4	126.022	OLSR
5	6	126.022	OLSR
2	1	126.052	OLSR
2	3	126.052	OLSR
2	4	126.052	OLSR
3	2	126.178	OLSR
3	4	126.178	OLSR
3	7	126.178	OLSR
1	0	126.304	OLSR
1	2	126.304	OLSR
1	5	126.304	OLSR
0	1	126.338	OLSR
6	4	126.387	OLSR
6	5	126.387	OLSR
6	7	126.387	OLSR
4	2	126.419	OLSR
4	3	126.419	OLSR
4	7	126.419	OLSR
4	5	126.419	OLSR
4	6	126.419	OLSR
7	3	126.459	OLSR
7	4	126.459	OLSR
7	6	126.459	OLSR
5	1	126.713	OLSR
5	4	126.713	OLSR
5	6	126.713	OLSR
0	1	127	 UDP 49153 > 9
1	2	127.001	 UDP 49153 > 9
2	3	127.002	 UDP 49153 > 9
3	7	127.003	 UDP 49153 > 9
7	4	127.004	 UDP 9 > 49153
4	2	127.005	 UDP 9 > 49153
2	1	127.006	 UDP 9 > 49153
1	0	127.007	 UDP 9 > 49153
0	1	128	 UDP 49153 > 9
1	2	128.001	 UDP 49153 > 9
2	3	128.002	 UDP 49153 > 9
3	7	128.003	 UDP 49153 > 9
7	4	128.004	 UDP 9 > 49153
4	2	128.005	 UDP 9 > 49153
2	1	128.006	 UDP 9 > 49153
1	0	128.007	 UDP 9 > 49153
6	4	128.009	OLSR
6	5	128.009	OLSR
6	7	128.009	OLSR
5	1	128.136	OLSR
5	4	128.136	OLSR
5	6	128.136	OLSR
2	1	128.164	OLSR
2	3	128.164	OLSR
2	4	128.164	OLSR
3	2	128.166	OLSR
3	4	128.166	OLSR
3	7	128.166	OLSR
4	2	128.172	OLSR
4	3	128.172	OLSR
4	7	128.172	OLSR
4	5	128.172	OLSR
4	6	128.172	OLSR
1	0	128.208	OLSR
1	2	128.208	OLSR
1	5	128.208	OLSR
7	3	128.25	OLSR
7	4	128.25	OLSR
7	6	128.25	OLSR
0	1	128.304	OLSR
0	1	129	 UDP 49153 > 9
1	2	129.001	 UDP 49153 > 9
2	3	129.002	 UDP 49153 > 9
3	7	129.003	 UDP 49153 > 9
7	4	129.004	 UDP 9 > 49153
4	2	129.005	 UDP 9 > 49153
2	1	129.006	 UDP 9 > 49153
1	0	129.007	 UDP 9 > 49153
0	1	130	 UDP 49153 > 9
1	2	130.001	 UDP 49153 > 9
2	3	130.002	 UDP 49153 > 9
3	7	130.003	 UDP 49153 > 9
7	4	130.004	 UDP 9 > 49153
4	2	130.005	 UDP 9 > 49153
2	1	130.006	 UDP 9 > 49153
1	0	130.007	 UDP 9 > 49153
4	2	130.021	OLSR
4	3	130.021	OLSR
4	7	130.021	OLSR
4	5	130.021	OLSR
4	6	130.021	OLSR
7	3	130.141	OLSR
7	4	130.141	OLSR
7	6	130.141	OLSR
5	1	130.15	OLSR
5	4	130.15	OLSR
5	6	130.15	OLSR
1	0	130.189	OLSR
1	2	130.189	OLSR
1	5	130.189	OLSR
4	2	130.195	OLSR
4	3	130.195	OLSR
4	7	130.195	OLSR
4	5	130.195	OLSR
4	6	130.195	OLSR
3	2	130.313	OLSR
3	4	130.313	OLSR
3	7	130.313	OLSR
0	1	130.326	OLSR
5	1	130.336	OLSR
5	4	130.336	OLSR
5	6	130.336	OLSR
2	1	130.445	OLSR
2	3	130.445	OLSR
2	4	130.445	OLSR
6	4	130.496	OLSR
6	5	130.496	OLSR
6	7	130.496	OLSR
4	2	130.542	OLSR
4	3	130.542	OLSR
4	7	130.542	OLSR
4	5	130.542	OLSR
4	6	130.542	OLSR
1	0	130.852	OLSR
1	2	130.852	OLSR
1	5	130.852	OLSR
2	1	130.904	OLSR
2	3	130.904	OLSR
2	4	130.904	OLSR
5	1	130.917	OLSR
5	4	130.917	OLSR
5	6	130.917	OLSR
1	0	130.98	OLSR
1	2	130.98	OLSR
1	5	130.98	OLSR
0	1	131	 UDP 49153 > 9
1	2	131.001	 UDP 49153 > 9
2	3	131.002	 UDP 49153 > 9
3	7	131.003	 UDP 49153 > 9
7	4	131.004	 UDP 9 > 49153
4	2	131.005	 UDP 9 > 49153
2	1	131.006	 UDP 9 > 49153
1	0	131.007	 UDP 9 > 49153
0	1	132	 UDP 49153 > 9
1	2	132.001	 UDP 49153 > 9
2	3	132.002	 UDP 49153 > 9
3	7	132.003	 UDP 49153 > 9
7	4	132.004	 UDP 9 > 49153
4	2	132.005	 UDP 9 > 49153
2	1	132.006	 UDP 9 > 49153
1	0	132.007	 UDP 9 > 49153
0	1	132.046	OLSR
1	0	132.05	OLSR
1	2	132.05	OLSR
1	5	132.05	OLSR
4	2	132.097	OLSR
4	3	132.097	OLSR
4	7	132.097	OLSR
4	5	132.097	OLSR
4	6	132.097	OLSR
7	3	132.121	OLSR
7	4	132.121	OLSR
7	6	132.121	OLSR
5	1	132.129	OLSR
5	4	132.129	OLSR
5	6	132.129	OLSR
2	1	132.227	OLSR
2	3	132.227	OLSR
2	4	132.227	OLSR
3	2	132.382	OLSR
3	4	132.382	OLSR
3	7	132.382	OLSR
6	4	132.448	OLSR
6	5	132.448	OLSR
6	7	132.448	OLSR
0	1	133	 UDP 49153 > 9
1	2	133.001	 UDP 49153 > 9
2	3	133.002	 UDP 49153 > 9
3	7	133.003	 UDP 49153 > 9
7	4	133.004	 UDP 9 > 49153
4	2	133.005	 UDP 9 > 49153
2	1	133.006	 UDP 9 > 49153
1	0	133.007	 UDP 9 > 49153
0	1	134	 UDP 49153 > 9
1	2	134.001	 UDP 49153 > 9
2	3	134.002	 UDP 49153 > 9
3	7	134.003	 UDP 49153 > 9
7	4	134.004	 UDP 9 > 49153
4	2	134.005	 UDP 9 > 49153
2	1	134.006	 UDP 9 > 49153
1	0	134.007	 UDP 9 > 49153
0	1	134.052	OLSR
2	1	134.152	OLSR
2	3	134.152	OLSR
2	4	134.152	OLSR
7	3	134.167	OLSR
7	4	134.167	OLSR
7	6	134.167	OLSR
4	2	134.191	OLSR
4	3	134.191	OLSR
4	7	134.191	OLSR
4	5	134.191	OLSR
4	6	134.191	OLSR
3	2	134.208	OLSR
3	4	134.208	OLSR
3	7	134.208	OLSR
5	1	134.239	OLSR
5	4	134.239	OLSR
5	6	134.239	OLSR
1	0	134.268	OLSR
1	2	134.268	OLSR
1	5	134.268	OLSR
6	4	134.427	OLSR
6	5	134.427	OLSR
6	7	134.427	OLSR
0	1	135	 UDP 49153 > 9
1	2	135.001	 UDP 49153 > 9
2	3	135.002	 UDP 49153 > 9
3	7	135.003	 UDP 49153 > 9
7	4	135.004	 UDP 9 > 49153
4	2	135.005	 UDP 9 > 49153
2	1	135.006	 UDP 9 > 49153
1	0	135.007	 UDP 9 > 49153
2	1	135.058	OLSR
2	3	135.058	OLSR
2	4	135.058	OLSR
7	3	135.074	OLSR
7	4	135.074	OLSR
7	6	135.074	OLSR
1	0	135.276	OLSR
1	2	135.276	OLSR
1	5	135.276	OLSR
4	2	135.296	OLSR
4	3	135.296	OLSR
4	7	135.296	OLSR
4	5	135.296	OLSR
4	6	135.296	OLSR
3	2	135.38	OLSR
3	4	135.38	OLSR
3	7	135.38	OLSR
5	1	135.412	OLSR
5	4	135.412	OLSR
5	6	135.412	OLSR
6	4	135.45	OLSR
6	5	135.45	OLSR
6	7	135.45	OLSR
1	0	135.48	OLSR
1	2	135.48	OLSR
1	5	135.48	OLSR
5	1	135.517	OLSR
5	4	135.517	OLSR
5	6	135.517	OLSR
4	2	135.519	OLSR
4	3	135.519	OLSR
4	7	135.519	OLSR
4	5	135.519	OLSR
4	6	135.519	OLSR
2	1	135.568	OLSR
2	3	135.568	OLSR
2	4	135.568	OLSR
1	0	135.594	OLSR
1	2	135.594	OLSR
1	5	135.594	OLSR
0	1	136	 UDP 49153 > 9
1	2	136.001	 UDP 49153 > 9
2	3	136.002	 UDP 49153 > 9
3	7	136.003	 UDP 49153 > 9
7	4	136.004	 UDP 9 > 49153
4	2	136.005	 UDP 9 > 49153
2	1	136.006	 UDP 9 > 49153
1	0	136.007	 UDP 9 > 49153
5	1	136.027	OLSR
5	4	136.027	OLSR
5	6	136.027	OLSR
6	4	136.079	OLSR
6	5	136.079	OLSR
6	7	136.079	OLSR
0	1	136.122	OLSR
3	2	136.389	OLSR
3	4	136.389	OLSR
3	7	136.389	OLSR
4	2	136.41	OLSR
4	3	136.41	OLSR
4	7	136.41	OLSR
4	5	136.41	OLSR
4	6	136.41	OLSR
7	3	136.426	OLSR
7	4	136.426	OLSR
7	6	136.426	OLSR
2	1	136.461	OLSR
2	3	136.461	OLSR
2	4	136.461	OLSR
1	0	136.476	OLSR
1	2	136.476	OLSR
1	5	136.476	OLSR
0	1	137	 UDP 49153 > 9
1	2	137.001	 UDP 49153 > 9
2	3	137.002	 UDP 49153 > 9
3	7	137.003	 UDP 49153 > 9
7	4	137.004	 UDP 9 > 49153
4	2	137.005	 UDP 9 > 49153
2	1	137.006	 UDP 9 > 49153
1	0	137.007	 UDP 9 > 49153
0	1	138	 UDP 49153 > 9
1	2	138.001	 UDP 49153 > 9
2	3	138.002	 UDP 49153 > 9
3	7	138.003	 UDP 49153 > 9
7	4	138.004	 UDP 9 > 49153
4	2	138.005	 UDP 9 > 49153
2	1	138.006	 UDP 9 > 49153
1	0	138.007	 UDP 9 > 49153
1	0	138.038	OLSR
1	2	138.038	OLSR
1	5	138.038	OLSR
4	2	138.115	OLSR
4	3	138.115	OLSR
4	7	138.115	OLSR
4	5	138.115	OLSR
4	6	138.115	OLSR
0	1	138.131	OLSR
5	1	138.241	OLSR
5	4	138.241	OLSR
5	6	138.241	OLSR
3	2	138.255	OLSR
3	4	138.255	OLSR
3	7	138.255	OLSR
6	4	138.409	OLSR
6	5	138.409	OLSR
6	7	138.409	OLSR
2	1	138.431	OLSR
2	3	138.431	OLSR
2	4	138.431	OLSR
7	3	138.446	OLSR
7	4	138.446	OLSR
7	6	138.446	OLSR
0	1	139	 UDP 49153 > 9
1	2	139.001	 UDP 49153 > 9
2	3	139.002	 UDP 49153 > 9
3	7	139.003	 UDP 49153 > 9
7	4	139.004	 UDP 9 > 49153
4	2	139.005	 UDP 9 > 49153
2	1	139.006	 UDP 9 > 49153
1	0	139.007	 UDP 9 > 49153
0	1	140	 UDP 49153 > 9
1	2	140.001	 UDP 49153 > 9
3	2	140.001	OLSR
3	4	140.001	OLSR
3	7	140.001	OLSR
2	3	140.002	 UDP 49153 > 9
3	7	140.003	 UDP 49153 > 9
7	4	140.004	 UDP 9 > 49153
4	2	140.005	 UDP 9 > 49153
2	1	140.006	 UDP 9 > 49153
1	0	140.007	 UDP 9 > 49153
0	1	140.096	OLSR
2	1	140.139	OLSR
2	3	140.139	OLSR
2	4	140.139	OLSR
7	3	140.261	OLSR
7	4	140.261	OLSR
7	6	140.261	OLSR
4	2	140.264	OLSR
4	3	140.264	OLSR
4	7	140.264	OLSR
4	5	140.264	OLSR
4	6	140.264	OLSR
6	4	140.279	OLSR
6	5	140.279	OLSR
6	7	140.279	OLSR
5	1	140.408	OLSR
5	4	140.408	OLSR
5	6	140.408	OLSR
4	2	140.458	OLSR
4	3	140.458	OLSR
4	7	140.458	OLSR
4	5	140.458	OLSR
4	6	140.458	OLSR
2	1	140.473	OLSR
2	3	140.473	OLSR
2	4	140.473	OLSR
1	0	140.499	OLSR
1	2	140.499	OLSR
1	5	140.499	OLSR
5	1	140.62	OLSR
5	4	140.62	OLSR
5	6	140.62	OLSR
2	1	140.624	OLSR
2	3	140.624	OLSR
2	4	140.624	OLSR
4	2	140.815	OLSR
4	3	140.815	OLSR
4	7	140.815	OLSR
4	5	140.815	OLSR
4	6	140.815	OLSR
0	1	141	 UDP 49153 > 9
1	2	141.001	 UDP 49153 > 9
2	3	141.002	 UDP 49153 > 9
3	7	141.003	 UDP 49153 > 9
7	4	141.004	 UDP 9 > 49153
4	2	141.005	 UDP 9 > 49153
2	1	141.006	 UDP 9 > 49153
1	0	141.007	 UDP 9 > 49153
0	1	142	 UDP 49153 > 9
1	2	142.001	 UDP 49153 > 9
2	3	142.002	 UDP 49153 > 9
3	7	142.003	 UDP 49153 > 9
7	4	142.004	 UDP 9 > 49153
4	2	142.005	 UDP 9 > 49153
2	1	142.006	 UDP 9 > 49153
1	0	142.007	 UDP 9 > 49153
2	1	142.031	OLSR
2	3	142.031	OLSR
2	4	142.031	OLSR
3	2	142.062	OLSR
3	4	142.062	OLSR
3	7	142.062	OLSR
1	0	142.095	OLSR
1	2	142.095	OLSR
1	5	142.095	OLSR
0	1	142.23	OLSR
5	1	142.236	OLSR
5	4	142.236	OLSR
5	6	142.236	OLSR
6	4	142.236	OLSR
6	5	142.236	OLSR
6	7	142.236	OLSR
7	3	142.443	OLSR
7	4	142.443	OLSR
7	6	142.443	OLSR
4	2	142.489	OLSR
4	3	142.489	OLSR
4	7	142.489	OLSR
4	5	142.489	OLSR
4	6	142.489	OLSR
0	1	143	 UDP 49153 > 9
1	2	143.001	 UDP 49153 > 9
2	3	143.002	 UDP 49153 > 9
3	7	143.003	 UDP 49153 > 9
7	4	143.004	 UDP 9 > 49153
4	2	143.005	 UDP 9 > 49153
2	1	143.006	 UDP 9 > 49153
1	0	143.007	 UDP 9 > 49153
0	1	144	 UDP 49153 > 9
1	2	144.001	 UDP 49153 > 9
2	3	144.002	 UDP 49153 > 9
3	7	144.003	 UDP 49153 > 9
7	4	144.004	 UDP 9 > 49153
4	2	144.005	 UDP 9 > 49153
2	1	144.006	 UDP 9 > 49153
1	0	144.007	 UDP 9 > 49153
5	1	144.023	OLSR
5	4	144.023	OLSR
5	6	144.023	OLSR
3	2	144.102	OLSR
3	4	144.102	OLSR
3	7	144.102	OLSR
1	0	144.356	OLSR
1	2	144.356	OLSR
1	5	144.356	OLSR
7	3	144.38	OLSR
7	4	144.38	OLSR
7	6	144.38	OLSR
0	1	144.406	OLSR
6	4	144.428	OLSR
6	5	144.428	OLSR
6	7	144.428	OLSR
4	2	144.43	OLSR
4	3	144.43	OLSR
4	7	144.43	OLSR
4	5	144.43	OLSR
4	6	144.43	OLSR
2	1	144.441	OLSR
2	3	144.441	OLSR
2	4	144.441	OLSR
0	1	145	 UDP 49153 > 9
1	2	145.001	 UDP 49153 > 9
2	3	145.002	 UDP 49153 > 9
3	7	145.003	 UDP 49153 > 9
7	4	145.004	 UDP 9 > 49153
4	2	145.005	 UDP 9 > 49153
2	1	145.006	 UDP 9 > 49153
1	0	145.007	 UDP 9 > 49153
4	2	145.08	OLSR
4	3	145.08	OLSR
4	7	145.08	OLSR
4	5	145.08	OLSR
4	6	145.08	OLSR
7	3	145.104	OLSR
7	4	145.104	OLSR
7	6	145.104	OLSR
6	4	145.175	OLSR
6	5	145.175	OLSR
6	7	145.175	OLSR
5	1	145.245	OLSR
5	4	145.245	OLSR
5	6	145.245	OLSR
2	1	145.254	OLSR
2	3	145.254	OLSR
2	4	145.254	OLSR
3	2	145.26	OLSR
3	4	145.26	OLSR
3	7	145.26	OLSR
1	0	145.283	OLSR
1	2	145.283	OLSR
1	5	145.283	OLSR
5	1	145.29	OLSR
5	4	145.29	OLSR
5	6	145.29	OLSR
2	1	145.377	OLSR
2	3	145.377	OLSR
2	4	145.377	OLSR
4	2	145.38	OLSR
4	3	145.38	OLSR
4	7	145.38	OLSR
4	5	145.38	OLSR
4	6	145.38	OLSR
1	0	145.445	OLSR
1	2	145.445	OLSR
1	5	145.445	OLSR
5	1	145.629	OLSR
5	4	145.629	OLSR
5	6	145.629	OLSR
2	1	145.875	OLSR
2	3	145.875	OLSR
2	4	145.875	OLSR
0	1	146	 UDP 49153 > 9
1	2	146.001	 UDP 49153 > 9
2	3	146.002	 UDP 49153 > 9
3	7	146.003	 UDP 49153 > 9
7	4	146.004	 UDP 9 > 49153
4	2	146.005	 UDP 9 > 49153
2	1	146.006	 UDP 9 > 49153
1	0	146.007	 UDP 9 > 49153
4	2	146.013	OLSR
4	3	146.013	OLSR
4	7	146.013	OLSR
4	5	146.013	OLSR
4	6	146.013	OLSR
7	3	146.232	OLSR
7	4	146.232	OLSR
7	6	146.232	OLSR
1	0	146.267	OLSR
1	2	146.267	OLSR
1	5	146.267	OLSR
6	4	146.342	OLSR
6	5	146.342	OLSR
6	7	146.342	OLSR
3	2	146.347	OLSR
3	4	146.347	OLSR
3	7	146.347	OLSR
2	1	146.353	OLSR
2	3	146.353	OLSR
2	4	146.353	OLSR
5	1	146.444	OLSR
5	4	146.444	OLSR
5	6	146.444	OLSR
0	1	146.47	OLSR
0	1	147	 UDP 49153 > 9
1	2	147.001	 UDP 49153 > 9
2	3	147.002	 UDP 49153 > 9
3	7	147.003	 UDP 49153 > 9
7	4	147.004	 UDP 9 > 49153
4	2	147.005	 UDP 9 > 49153
2	1	147.006	 UDP 9 > 49153
1	0	147.007	 UDP 9 > 49153
0	1	148	 UDP 49153 > 9
1	2	148.001	 UDP 49153 > 9
2	3	148.002	 UDP 49153 > 9
3	7	148.003	 UDP 49153 > 9
7	4	148.004	 UDP 9 > 49153
4	2	148.005	 UDP 9 > 49153
2	1	148.006	 UDP 9 > 49153
1	0	148.007	 UDP 9 > 49153
6	4	148.141	OLSR
6	5	148.141	OLSR
6	7	148.141	OLSR
2	1	148.164	OLSR
2	3	148.164	OLSR
2	4	148.164	OLSR
0	1	148.241	OLSR
7	3	148.292	OLSR
7	4	148.292	OLSR
7	6	148.292	OLSR
3	2	148.318	OLSR
3	4	148.318	OLSR
3	7	148.318	OLSR
5	1	148.375	OLSR
5	4	148.375	OLSR
5	6	148.375	OLSR
1	0	148.436	OLSR
1	2	148.436	OLSR
1	5	148.436	OLSR
4	2	148.494	OLSR
4	3	148.494	OLSR
4	7	148.494	OLSR
4	5	148.494	OLSR
4	6	148.494	OLSR
0	1	149	 UDP 49153 > 9
1	2	149.001	 UDP 49153 > 9
2	3	149.002	 UDP 49153 > 9
3	7	149.003	 UDP 49153 > 9
7	4	149.004	 UDP 9 > 49153
4	2	149.005	 UDP 9 > 49153
2	1	149.006	 UDP 9 > 49153
1	0	149.007	 UDP 9 > 49153
0	1	150	 UDP 49153 > 9
1	2	150.001	 UDP 49153 > 9
2	3	150.002	 UDP 49153 > 9
3	7	150.003	 UDP 49153 > 9
7	4	150.004	 UDP 9 > 49153
4	2	150.005	 UDP 9 > 49153
2	1	150.006	 UDP 9 > 49153
1	0	150.007	 UDP 9 > 49153
3	2	150.136	OLSR
3	4	150.136	OLSR
3	7	150.136	OLSR
4	2	150.181	OLSR
4	3	150.181	OLSR
4	7	150.181	OLSR
4	5	150.181	OLSR
4	6	150.181	OLSR
0	1	150.232	OLSR
7	3	150.244	OLSR
7	4	150.244	OLSR
7	6	150.244	OLSR
5	1	150.303	OLSR
5	4	150.303	OLSR
5	6	150.303	OLSR
2	1	150.326	OLSR
2	3	150.326	OLSR
2	4	150.326	OLSR
6	4	150.351	OLSR
6	5	150.351	OLSR
6	7	150.351	OLSR
1	0	150.353	OLSR
1	2	150.353	OLSR
1	5	150.353	OLSR
2	1	150.589	OLSR
2	3	150.589	OLSR
2	4	150.589	OLSR
5	1	150.617	OLSR
5	4	150.617	OLSR
5	6	150.617	OLSR
4	2	150.647	OLSR
4	3	150.647	OLSR
4	7	150.647	OLSR
4	5	150.647	OLSR
4	6	150.647	OLSR
2	1	150.721	OLSR
2	3	150.721	OLSR
2	4	150.721	OLSR
1	0	150.772	OLSR
1	2	150.772	OLSR
1	5	150.772	OLSR
0	1	151	 UDP 49153 > 9
1	2	151.001	 UDP 49153 > 9
2	3	151.002	 UDP 49153 > 9
3	7	151.003	 UDP 49153 > 9
7	4	151.004	 UDP 9 > 49153
4	2	151.005	 UDP 9 > 49153
2	1	151.006	 UDP 9 > 49153
1	0	151.007	 UDP 9 > 49153
5	1	151.224	OLSR
5	4	151.224	OLSR
5	6	151.224	OLSR
0	1	152	 UDP 49153 > 9
1	2	152.001	 UDP 49153 > 9
2	3	152.002	 UDP 49153 > 9
3	7	152.003	 UDP 49153 > 9
7	4	152.004	 UDP 9 > 49153
4	2	152.005	 UDP 9 > 49153
2	1	152.006	 UDP 9 > 49153
1	0	152.007	 UDP 9 > 49153
6	4	152.019	OLSR
6	5	152.019	OLSR
6	7	152.019	OLSR
3	2	152.051	OLSR
3	4	152.051	OLSR
3	7	152.051	OLSR
5	1	152.156	OLSR
5	4	152.156	OLSR
5	6	152.156	OLSR
2	1	152.191	OLSR
2	3	152.191	OLSR
2	4	152.191	OLSR
0	1	152.219	OLSR
4	2	152.314	OLSR
4	3	152.314	OLSR
4	7	152.314	OLSR
4	5	152.314	OLSR
4	6	152.314	OLSR
1	0	152.421	OLSR
1	2	152.421	OLSR
1	5	152.421	OLSR
7	3	152.453	OLSR
7	4	152.453	OLSR
7	6	152.453	OLSR
0	1	153	 UDP 49153 > 9
1	2	153.001	 UDP 49153 > 9
2	3	153.002	 UDP 49153 > 9
3	7	153.003	 UDP 49153 > 9
7	4	153.004	 UDP 9 > 49153
4	2	153.005	 UDP 9 > 49153
2	1	153.006	 UDP 9 > 49153
1	0	153.007	 UDP 9 > 49153
0	1	154	 UDP 49153 > 9
1	2	154.001	 UDP 49153 > 9
2	3	154.002	 UDP 49153 > 9
3	7	154.003	 UDP 49153 > 9
7	4	154.004	 UDP 9 > 49153
4	2	154.005	 UDP 9 > 49153
2	1	154.006	 UDP 9 > 49153
1	0	154.007	 UDP 9 > 49153
3	2	154.166	OLSR
3	4	154.166	OLSR
3	7	154.166	OLSR
0	1	154.209	OLSR
5	1	154.229	OLSR
5	4	154.229	OLSR
5	6	154.229	OLSR
6	4	154.264	OLSR
6	5	154.264	OLSR
6	7	154.264	OLSR
1	0	154.304	OLSR
1	2	154.304	OLSR
1	5	154.304	OLSR
7	3	154.311	OLSR
7	4	154.311	OLSR
7	6	154.311	OLSR
2	1	154.371	OLSR
2	3	154.371	OLSR
2	4	154.371	OLSR
4	2	154.376	OLSR
4	3	154.376	OLSR
4	7	154.376	OLSR
4	5	154.376	OLSR
4	6	154.376	OLSR
0	1	155	 UDP 49153 > 9
1	2	155.001	 UDP 49153 > 9
2	3	155.002	 UDP 49153 > 9
3	7	155.003	 UDP 49153 > 9
7	4	155.004	 UDP 9 > 49153
4	2	155.005	 UDP 9 > 49153
2	1	155.006	 UDP 9 > 49153
1	0	155.007	 UDP 9 > 49153
3	2	155.049	OLSR
3	4	155.049	OLSR
3	7	155.049	OLSR
1	0	155.087	OLSR
1	2	155.087	OLSR
1	5	155.087	OLSR
4	2	155.128	OLSR
4	3	155.128	OLSR
4	7	155.128	OLSR
4	5	155.128	OLSR
4	6	155.128	OLSR
2	1	155.29	OLSR
2	3	155.29	OLSR
2	4	155.29	OLSR
7	3	155.356	OLSR
7	4	155.356	OLSR
7	6	155.356	OLSR
5	1	155.415	OLSR
5	4	155.415	OLSR
5	6	155.415	OLSR
4	2	155.473	OLSR
4	3	155.473	OLSR
4	7	155.473	OLSR
4	5	155.473	OLSR
4	6	155.473	OLSR
6	4	155.481	OLSR
6	5	155.481	OLSR
6	7	155.481	OLSR
1	0	155.532	OLSR
1	2	155.532	OLSR
1	5	155.532	OLSR
4	2	155.532	OLSR
4	3	155.532	OLSR
4	7	155.532	OLSR
4	5	155.532	OLSR
4	6	155.532	OLSR
2	1	155.588	OLSR
2	3	155.588	OLSR
2	4	155.588	OLSR
5	1	155.688	OLSR
5	4	155.688	OLSR
5	6	155.688	OLSR
1	0	155.91	OLSR
1	2	155.91	OLSR
1	5	155.91	OLSR
0	1	156	 UDP 49153 > 9
1	2	156.001	 UDP 49153 > 9
2	3	156.002	 UDP 49153 > 9
3	7	156.003	 UDP 49153 > 9
7	4	156.004	 UDP 9 > 49153
4	2	156.005	 UDP 9 > 49153
2	1	156.006	 UDP 9 > 49153
1	0	156.007	 UDP 9 > 49153
7	3	156.043	OLSR
7	4	156.043	OLSR
7	6	156.043	OLSR
5	1	156.193	OLSR
5	4	156.193	OLSR
5	6	156.193	OLSR
4	2	156.195	OLSR
4	3	156.195	OLSR
4	7	156.195	OLSR
4	5	156.195	OLSR
4	6	156.195	OLSR
3	2	156.234	OLSR
3	4	156.234	OLSR
3	7	156.234	OLSR
0	1	156.246	OLSR
1	0	156.289	OLSR
1	2	156.289	OLSR
1	5	156.289	OLSR
6	4	156.331	OLSR
6	5	156.331	OLSR
6	7	156.331	OLSR
2	1	156.495	OLSR
2	3	156.495	OLSR
2	4	156.495	OLSR
0	1	157	 UDP 49153 > 9
1	2	157.001	 UDP 49153 > 9
2	3	157.002	 UDP 49153 > 9
3	7	157.003	 UDP 49153 > 9
7	4	157.004	 UDP 9 > 49153
4	2	157.005	 UDP 9 > 49153
2	1	157.006	 UDP 9 > 49153
1	0	157.007	 UDP 9 > 49153
0	1	158	 UDP 49153 > 9
1	2	158.001	 UDP 49153 > 9
2	3	158.002	 UDP 49153 > 9
3	7	158.003	 UDP 49153 > 9
4	2	158.003	OLSR
4	3	158.003	OLSR
4	7	158.003	OLSR
4	5	158.003	OLSR
4	6	158.003	OLSR
7	4	158.004	 UDP 9 > 49153
4	2	158.005	 UDP 9 > 49153
2	1	158.006	 UDP 9 > 49153
1	0	158.007	 UDP 9 > 49153
0	1	158.03	OLSR
6	4	158.045	OLSR
6	5	158.045	OLSR
6	7	158.045	OLSR
7	3	158.13	OLSR
7	4	158.13	OLSR
7	6	158.13	OLSR
3	2	158.324	OLSR
3	4	158.324	OLSR
3	7	158.324	OLSR
5	1	158.356	OLSR
5	4	158.356	OLSR
5	6	158.356	OLSR
1	0	158.438	OLSR
1	2	158.438	OLSR
1	5	158.438	OLSR
2	1	158.477	OLSR
2	3	158.477	OLSR
2	4	158.477	OLSR
0	1	159	 UDP 49153 > 9
1	2	159.001	 UDP 49153 > 9
2	3	159.002	 UDP 49153 > 9
3	7	159.003	 UDP 49153 > 9
7	4	159.004	 UDP 9 > 49153
4	2	159.005	 UDP 9 > 49153
2	1	159.006	 UDP 9 > 49153
1	0	159.007	 UDP 9 > 49153
0	1	160	 UDP 49153 > 9
1	2	160.001	 UDP 49153 > 9
2	3	160.002	 UDP 49153 > 9
3	7	160.003	 UDP 49153 > 9
7	4	160.004	 UDP 9 > 49153
4	2	160.005	 UDP 9 > 49153
6	4	160.005	OLSR
6	5	160.005	OLSR
6	7	160.005	OLSR
2	1	160.006	 UDP 9 > 49153
1	0	160.007	 UDP 9 > 49153
5	1	160.032	OLSR
5	4	160.032	OLSR
5	6	160.032	OLSR
1	0	160.056	OLSR
1	2	160.056	OLSR
1	5	160.056	OLSR
0	1	160.091	OLSR
7	3	160.167	OLSR
7	4	160.167	OLSR
7	6	160.167	OLSR
4	2	160.215	OLSR
4	3	160.215	OLSR
4	7	160.215	OLSR
4	5	160.215	OLSR
4	6	160.215	OLSR
3	2	160.277	OLSR
3	4	160.277	OLSR
3	7	160.277	OLSR
2	1	160.419	OLSR
2	3	160.419	OLSR
2	4	160.419	OLSR
5	1	160.475	OLSR
5	4	160.475	OLSR
5	6	160.475	OLSR
1	0	160.641	OLSR
1	2	160.641	OLSR
1	5	160.641	OLSR
5	1	160.752	OLSR
5	4	160.752	OLSR
5	6	160.752	OLSR
4	2	160.758	OLSR
4	3	160.758	OLSR
4	7	160.758	OLSR
4	5	160.758	OLSR
4	6	160.758	OLSR
0	1	161	 UDP 49153 > 9
1	2	161.001	 UDP 49153 > 9
2	3	161.002	 UDP 49153 > 9
3	7	161.003	 UDP 49153 > 9
7	4	161.004	 UDP 9 > 49153
4	2	161.005	 UDP 9 > 49153
2	1	161.006	 UDP 9 > 49153
1	0	161.007	 UDP 9 > 49153
0	1	162	 UDP 49153 > 9
1	2	162.001	 UDP 49153 > 9
2	3	162.002	 UDP 49153 > 9
3	7	162.003	 UDP 49153 > 9
7	4	162.004	 UDP 9 > 49153
4	2	162.005	 UDP 9 > 49153
2	1	162.006	 UDP 9 > 49153
1	0	162.007	 UDP 9 > 49153
4	2	162.023	OLSR
4	3	162.023	OLSR
4	7	162.023	OLSR
4	5	162.023	OLSR
4	6	162.023	OLSR
7	3	162.056	OLSR
7	4	162.056	OLSR
7	6	162.056	OLSR
5	1	162.14	OLSR
5	4	162.14	OLSR
5	6	162.14	OLSR
3	2	162.148	OLSR
3	4	162.148	OLSR
3	7	162.148	OLSR
6	4	162.157	OLSR
6	5	162.157	OLSR
6	7	162.157	OLSR
1	0	162.269	OLSR
1	2	162.269	OLSR
1	5	162.269	OLSR
0	1	162.318	OLSR
2	1	162.499	OLSR
2	3	162.499	OLSR
2	4	162.499	OLSR
0	1	163	 UDP 49153 > 9
1	2	163.001	 UDP 49153 > 9
2	3	163.002	 UDP 49153 > 9
3	7	163.003	 UDP 49153 > 9
7	4	163.004	 UDP 9 > 49153
4	2	163.005	 UDP 9 > 49153
2	1	163.006	 UDP 9 > 49153
1	0	163.007	 UDP 9 > 49153
0	1	164	 UDP 49153 > 9
1	2	164.001	 UDP 49153 > 9
2	3	164.002	 UDP 49153 > 9
3	7	164.003	 UDP 49153 > 9
7	4	164.004	 UDP 9 > 49153
4	2	164.005	 UDP 9 > 49153
2	1	164.006	 UDP 9 > 49153
1	0	164.007	 UDP 9 > 49153
3	2	164.008	OLSR
3	4	164.008	OLSR
3	7	164.008	OLSR
0	1	164.165	OLSR
7	3	164.189	OLSR
7	4	164.189	OLSR
7	6	164.189	OLSR
6	4	164.226	OLSR
6	5	164.226	OLSR
6	7	164.226	OLSR
1	0	164.237	OLSR
1	2	164.237	OLSR
1	5	164.237	OLSR
4	2	164.326	OLSR
4	3	164.326	OLSR
4	7	164.326	OLSR
4	5	164.326	OLSR
4	6	164.326	OLSR
5	1	164.358	OLSR
5	4	164.358	OLSR
5	6	164.358	OLSR
2	1	164.392	OLSR
2	3	164.392	OLSR
2	4	164.392	OLSR
0	1	165	 UDP 49153 > 9
1	2	165.001	 UDP 49153 > 9
2	3	165.002	 UDP 49153 > 9
3	7	165.003	 UDP 49153 > 9
7	4	165.004	 UDP 9 > 49153
4	2	165.005	 UDP 9 > 49153
2	1	165.006	 UDP 9 > 49153
1	0	165.007	 UDP 9 > 49153
2	1	165.065	OLSR
2	3	165.065	OLSR
2	4	165.065	OLSR
5	1	165.117	OLSR
5	4	165.117	OLSR
5	6	165.117	OLSR
3	2	165.218	OLSR
3	4	165.218	OLSR
3	7	165.218	OLSR
1	0	165.236	OLSR
1	2	165.236	OLSR
1	5	165.236	OLSR
7	3	165.377	OLSR
7	4	165.377	OLSR
7	6	165.377	OLSR
6	4	165.414	OLSR
6	5	165.414	OLSR
6	7	165.414	OLSR
5	1	165.418	OLSR
5	4	165.418	OLSR
5	6	165.418	OLSR
4	2	165.484	OLSR
4	3	165.484	OLSR
4	7	165.484	OLSR
4	5	165.484	OLSR
4	6	165.484	OLSR
2	1	165.696	OLSR
2	3	165.696	OLSR
2	4	165.696	OLSR
1	0	165.759	OLSR
1	2	165.759	OLSR
1	5	165.759	OLSR
5	1	165.904	OLSR
5	4	165.904	OLSR
5	6	165.904	OLSR
0	1	166	 UDP 49153 > 9
1	2	166.001	 UDP 49153 > 9
2	3	166.002	 UDP 49153 > 9
3	7	166.003	 UDP 49153 > 9
7	4	166.004	 UDP 9 > 49153
4	2	166.005	 UDP 9 > 49153
2	1	166.006	 UDP 9 > 49153
1	0	166.007	 UDP 9 > 49153
0	1	166.023	OLSR
4	2	166.067	OLSR
4	3	166.067	OLSR
4	7	166.067	OLSR
4	5	166.067	OLSR
4	6	166.067	OLSR
3	2	166.106	OLSR
3	4	166.106	OLSR
3	7	166.106	OLSR
2	1	166.153	OLSR
2	3	166.153	OLSR
2	4	166.153	OLSR
5	1	166.288	OLSR
5	4	166.288	OLSR
5	6	166.288	OLSR
6	4	166.363	OLSR
6	5	166.363	OLSR
6	7	166.363	OLSR
1	0	166.372	OLSR
1	2	166.372	OLSR
1	5	166.372	OLSR
7	3	166.479	OLSR
7	4	166.479	OLSR
7	6	166.479	OLSR
0	1	167	 UDP 49153 > 9
1	2	167.001	 UDP 49153 > 9
2	3	167.002	 UDP 49153 > 9
3	7	167.003	 UDP 49153 > 9
7	4	167.004	 UDP 9 > 49153
4	2	167.005	 UDP 9 > 49153
2	1	167.006	 UDP 9 > 49153
1	0	167.007	 UDP 9 > 49153
0	1	168	 UDP 49153 > 9
1	2	168.001	 UDP 49153 > 9
2	3	168.002	 UDP 49153 > 9
3	7	168.003	 UDP 49153 > 9
7	4	168.004	 UDP 9 > 49153
4	2	168.005	 UDP 9 > 49153
2	1	168.006	 UDP 9 > 49153
1	0	168.007	 UDP 9 > 49153
1	0	168.045	OLSR
1	2	168.045	OLSR
1	5	168.045	OLSR
7	3	168.125	OLSR
7	4	168.125	OLSR
7	6	168.125	OLSR
4	2	168.151	OLSR
4	3	168.151	OLSR
4	7	168.151	OLSR
4	5	168.151	OLSR
4	6	168.151	OLSR
2	1	168.183	OLSR
2	3	168.183	OLSR
2	4	168.183	OLSR
0	1	168.2	OLSR
5	1	168.266	OLSR
5	4	168.266	OLSR
5	6	168.266	OLSR
3	2	168.394	OLSR
3	4	168.394	OLSR
3	7	168.394	OLSR
6	4	168.481	OLSR
6	5	168.481	OLSR
6	7	168.481	OLSR
0	1	169	 UDP 49153 > 9
1	2	169.001	 UDP 49153 > 9
2	3	169.002	 UDP 49153 > 9
3	7	169.003	 UDP 49153 > 9
7	4	169.004	 UDP 9 > 49153
4	2	169.005	 UDP 9 > 49153
2	1	169.006	 UDP 9 > 49153
1	0	169.007	 UDP 9 > 49153
0	1	170	 UDP 49153 > 9
1	2	170.001	 UDP 49153 > 9
2	3	170.002	 UDP 49153 > 9
3	7	170.003	 UDP 49153 > 9
7	4	170.004	 UDP 9 > 49153
4	2	170.005	 UDP 9 > 49153
2	1	170.006	 UDP 9 > 49153
1	0	170.007	 UDP 9 > 49153
0	1	170.047	OLSR
1	0	170.048	OLSR
1	2	170.048	OLSR
1	5	170.048	OLSR
4	2	170.061	OLSR
4	3	170.061	OLSR
4	7	170.061	OLSR
4	5	170.061	OLSR
4	6	170.061	OLSR
7	3	170.067	OLSR
7	4	170.067	OLSR
7	6	170.067	OLSR
3	2	170.089	OLSR
3	4	170.089	OLSR
3	7	170.089	OLSR
6	4	170.105	OLSR
6	5	170.105	OLSR
6	7	170.105	OLSR
4	2	170.122	OLSR
4	3	170.122	OLSR
4	7	170.122	OLSR
4	5	170.122	OLSR
4	6	170.122	OLSR
2	1	170.346	OLSR
2	3	170.346	OLSR
2	4	170.346	OLSR
5	1	170.382	OLSR
5	4	170.382	OLSR
5	6	170.382	OLSR
4	2	170.416	OLSR
4	3	170.416	OLSR
4	7	170.416	OLSR
4	5	170.416	OLSR
4	6	170.416	OLSR
2	1	170.561	OLSR
2	3	170.561	OLSR
2	4	170.561	OLSR
1	0	170.757	OLSR
1	2	170.757	OLSR
1	5	170.757	OLSR
5	1	170.787	OLSR
5	4	170.787	OLSR
5	6	170.787	OLSR
0	1	171	 UDP 49153 > 9
1	2	171.001	 UDP 49153 > 9
2	3	171.002	 UDP 49153 > 9
3	7	171.003	 UDP 49153 > 9
7	4	171.004	 UDP 9 > 49153
4	2	171.005	 UDP 9 > 49153
2	1	171.006	 UDP 9 > 49153
1	0	171.007	 UDP 9 > 49153
0	1	172	 UDP 49153 > 9
1	2	172.001	 UDP 49153 > 9
2	3	172.002	 UDP 49153 > 9
3	7	172.003	 UDP 49153 > 9
7	4	172.004	 UDP 9 > 49153
4	2	172.005	 UDP 9 > 49153
2	1	172.006	 UDP 9 > 49153
1	0	172.007	 UDP 9 > 49153
2	1	172.04	OLSR
2	3	172.04	OLSR
2	4	172.04	OLSR
1	0	172.065	OLSR
1	2	172.065	OLSR
1	5	172.065	OLSR
4	2	172.197	OLSR
4	3	172.197	OLSR
4	7	172.197	OLSR
4	5	172.197	OLSR
4	6	172.197	OLSR
5	1	172.311	OLSR
5	4	172.311	OLSR
5	6	172.311	OLSR
0	1	172.316	OLSR
7	3	172.34	OLSR
7	4	172.34	OLSR
7	6	172.34	OLSR
6	4	172.397	OLSR
6	5	172.397	OLSR
6	7	172.397	OLSR
3	2	172.439	OLSR
3	4	172.439	OLSR
3	7	172.439	OLSR
0	1	173	 UDP 49153 > 9
1	2	173.001	 UDP 49153 > 9
2	3	173.002	 UDP 49153 > 9
3	7	173.003	 UDP 49153 > 9
7	4	173.004	 UDP 9 > 49153
4	2	173.005	 UDP 9 > 49153
2	1	173.006	 UDP 9 > 49153
1	0	173.007	 UDP 9 > 49153
0	1	174	 UDP 49153 > 9
1	2	174.001	 UDP 49153 > 9
2	3	174.002	 UDP 49153 > 9
3	7	174.003	 UDP 49153 > 9
7	4	174.004	 UDP 9 > 49153
4	2	174.005	 UDP 9 > 49153
2	1	174.006	 UDP 9 > 49153
1	0	174.007	 UDP 9 > 49153
6	4	174.025	OLSR
6	5	174.025	OLSR
6	7	174.025	OLSR
4	2	174.026	OLSR
4	3	174.026	OLSR
4	7	174.026	OLSR
4	5	174.026	OLSR
4	6	174.026	OLSR
3	2	174.124	OLSR
3	4	174.124	OLSR
3	7	174.124	OLSR
0	1	174.135	OLSR
2	1	174.157	OLSR
2	3	174.157	OLSR
2	4	174.157	OLSR
7	3	174.173	OLSR
7	4	174.173	OLSR
7	6	174.173	OLSR
1	0	174.201	OLSR
1	2	174.201	OLSR
1	5	174.201	OLSR
5	1	174.291	OLSR
5	4	174.291	OLSR
5	6	174.291	OLSR
0	1	175	 UDP 49153 > 9
1	2	175.001	 UDP 49153 > 9
2	3	175.002	 UDP 49153 > 9
3	7	175.003	 UDP 49153 > 9
7	4	175.004	 UDP 9 > 49153
4	2	175.005	 UDP 9 > 49153
2	1	175.006	 UDP 9 > 49153
1	0	175.007	 UDP 9 > 49153
2	1	175.14	OLSR
2	3	175.14	OLSR
2	4	175.14	OLSR
1	0	175.262	OLSR
1	2	175.262	OLSR
1	5	175.262	OLSR
6	4	175.312	OLSR
6	5	175.312	OLSR
6	7	175.312	OLSR
5	1	175.335	OLSR
5	4	175.335	OLSR
5	6	175.335	OLSR
3	2	175.352	OLSR
3	4	175.352	OLSR
3	7	175.352	OLSR
2	1	175.373	OLSR
2	3	175.373	OLSR
2	4	175.373	OLSR
7	3	175.431	OLSR
7	4	175.431	OLSR
7	6	175.431	OLSR
4	2	175.457	OLSR
4	3	175.457	OLSR
4	7	175.457	OLSR
4	5	175.457	OLSR
4	6	175.457	OLSR
2	1	175.615	OLSR
2	3	175.615	OLSR
2	4	175.615	OLSR
1	0	175.82	OLSR
1	2	175.82	OLSR
1	5	175.82	OLSR
0	1	176	 UDP 49153 > 9
1	2	176.001	 UDP 49153 > 9
2	3	176.002	 UDP 49153 > 9
3	7	176.003	 UDP 49153 > 9
7	4	176.004	 UDP 9 > 49153
4	2	176.005	 UDP 9 > 49153
2	1	176.006	 UDP 9 > 49153
1	0	176.007	 UDP 9 > 49153
4	2	176.142	OLSR
4	3	176.142	OLSR
4	7	176.142	OLSR
4	5	176.142	OLSR
4	6	176.142	OLSR
5	1	176.17	OLSR
5	4	176.17	OLSR
5	6	176.17	OLSR
2	1	176.275	OLSR
2	3	176.275	OLSR
2	4	176.275	OLSR
0	1	176.275	OLSR
3	2	176.329	OLSR
3	4	176.329	OLSR
3	7	176.329	OLSR
1	0	176.356	OLSR
1	2	176.356	OLSR
1	5	176.356	OLSR
7	3	176.366	OLSR
7	4	176.366	OLSR
7	6	176.366	OLSR
6	4	176.478	OLSR
6	5	176.478	OLSR
6	7	176.478	OLSR
0	1	177	 UDP 49153 > 9
1	2	177.001	 UDP 49153 > 9
2	3	177.002	 UDP 49153 > 9
3	7	177.003	 UDP 49153 > 9
7	4	177.004	 UDP 9 > 49153
4	2	177.005	 UDP 9 > 49153
2	1	177.006	 UDP 9 > 49153
1	0	177.007	 UDP 9 > 49153
0	1	178	 UDP 49153 > 9
1	2	178.001	 UDP 49153 > 9
2	3	178.002	 UDP 49153 > 9
3	7	178.003	 UDP 49153 > 9
7	4	178.004	 UDP 9 > 49153
4	2	178.005	 UDP 9 > 49153
2	1	178.006	 UDP 9 > 49153
1	0	178.007	 UDP 9 > 49153
6	4	178.043	OLSR
6	5	178.043	OLSR
6	7	178.043	OLSR
1	0	178.086	OLSR
1	2	178.086	OLSR
1	5	178.086	OLSR
2	1	178.247	OLSR
2	3	178.247	OLSR
2	4	178.247	OLSR
3	2	178.256	OLSR
3	4	178.256	OLSR
3	7	178.256	OLSR
5	1	178.29	OLSR
5	4	178.29	OLSR
5	6	178.29	OLSR
0	1	178.292	OLSR
4	2	178.37	OLSR
4	3	178.37	OLSR
4	7	178.37	OLSR
4	5	178.37	OLSR
4	6	178.37	OLSR
7	3	178.371	OLSR
7	4	178.371	OLSR
7	6	178.371	OLSR
0	1	179	 UDP 49153 > 9
1	2	179.001	 UDP 49153 > 9
2	3	179.002	 UDP 49153 > 9
3	7	179.003	 UDP 49153 > 9
7	4	179.004	 UDP 9 > 49153
4	2	179.005	 UDP 9 > 49153
2	1	179.006	 UDP 9 > 49153
1	0	179.007	 UDP 9 > 49153
