From Id	To Id	Tx	Meta
5	2	0.0885554	 UDP 520 > 520
5	4	0.0885554	 UDP 520 > 520
2	5	0.0895597	 UDP 520 > 520
4	5	0.0895597	 UDP 520 > 520
1	0	0.291822	 UDP 520 > 520
1	2	0.291822	 UDP 520 > 520
1	4	0.291822	 UDP 520 > 520
0	1	0.292827	 UDP 520 > 520
2	1	0.292827	 UDP 520 > 520
4	1	0.293827	 UDP 520 > 520
0	1	0.502761	 UDP 520 > 520
0	3	0.502761	 UDP 520 > 520
1	0	0.503765	 UDP 520 > 520
3	0	0.503765	 UDP 520 > 520
4	1	0.793688	 UDP 520 > 520
4	3	0.793688	 UDP 520 > 520
4	5	0.793688	 UDP 520 > 520
3	4	0.794692	 UDP 520 > 520
5	4	0.794692	 UDP 520 > 520
1	4	0.795692	 UDP 520 > 520
3	0	0.831145	 UDP 520 > 520
3	2	0.831145	 UDP 520 > 520
3	4	0.831145	 UDP 520 > 520
0	3	0.832149	 UDP 520 > 520
4	3	0.832149	 UDP 520 > 520
2	3	0.833149	 UDP 520 > 520
2	1	0.953657	 UDP 520 > 520
2	3	0.953657	 UDP 520 > 520
2	5	0.953657	 UDP 520 > 520
1	2	0.954661	 UDP 520 > 520
5	2	0.954661	 UDP 520 > 520
3	2	0.955661	 UDP 520 > 520
4	1	30.0654	 UDP 520 > 520
4	3	30.0654	 UDP 520 > 520
4	5	30.0654	 UDP 520 > 520
5	2	30.1272	 UDP 520 > 520
5	4	30.1272	 UDP 520 > 520
3	0	30.8365	 UDP 520 > 520
3	2	30.8365	 UDP 520 > 520
3	4	30.8365	 UDP 520 > 520
2	1	31.655	 UDP 520 > 520
2	3	31.655	 UDP 520 > 520
2	5	31.655	 UDP 520 > 520
4	1	31.7533	 UDP 520 > 520
4	3	31.7533	 UDP 520 > 520
4	5	31.7533	 UDP 520 > 520
1	0	32.3371	 UDP 520 > 520
1	2	32.3371	 UDP 520 > 520
1	4	32.3371	 UDP 520 > 520
0	1	33	 UDP 49153 > 9
1	2	33.001	 UDP 49153 > 9
2	5	33.002	 UDP 49153 > 9
0	1	33.2944	 UDP 520 > 520
0	3	33.2944	 UDP 520 > 520
0	1	34	 UDP 49153 > 9
1	2	34.001	 UDP 49153 > 9
2	5	34.002	 UDP 49153 > 9
5	2	34.8537	 UDP 520 > 520
5	4	34.8537	 UDP 520 > 520
0	1	35	 UDP 49153 > 9
1	2	35.001	 UDP 49153 > 9
2	5	35.002	 UDP 49153 > 9
2	1	35.5419	 UDP 520 > 520
2	3	35.5419	 UDP 520 > 520
2	5	35.5419	 UDP 520 > 520
3	0	35.7962	 UDP 520 > 520
3	2	35.7962	 UDP 520 > 520
3	4	35.7962	 UDP 520 > 520
4	1	35.9468	 UDP 520 > 520
4	3	35.9468	 UDP 520 > 520
4	5	35.9468	 UDP 520 > 520
0	1	36	 UDP 49153 > 9
1	2	36.001	 UDP 49153 > 9
2	5	36.002	 UDP 49153 > 9
5	2	36.003	 UDP 9 > 49153
2	1	36.004	 UDP 9 > 49153
1	0	36.0051	 UDP 9 > 49153
1	0	36.9611	 UDP 520 > 520
1	2	36.9611	 UDP 520 > 520
1	4	36.9611	 UDP 520 > 520
0	1	37	 UDP 49153 > 9
1	2	37.001	 UDP 49153 > 9
2	5	37.002	 UDP 49153 > 9
5	2	37.003	 UDP 9 > 49153
2	1	37.004	 UDP 9 > 49153
1	0	37.0051	 UDP 9 > 49153
0	1	37.7195	 UDP 520 > 520
0	3	37.7195	 UDP 520 > 520
5	2	37.9538	 UDP 520 > 520
5	4	37.9538	 UDP 520 > 520
0	1	38	 UDP 49153 > 9
1	2	38.001	 UDP 49153 > 9
2	5	38.002	 UDP 49153 > 9
5	2	38.003	 UDP 9 > 49153
2	1	38.004	 UDP 9 > 49153
1	0	38.0051	 UDP 9 > 49153
2	1	38.7513	 UDP 520 > 520
2	3	38.7513	 UDP 520 > 520
2	5	38.7513	 UDP 520 > 520
0	1	39	 UDP 49153 > 9
1	2	39.001	 UDP 49153 > 9
2	5	39.002	 UDP 49153 > 9
5	2	39.003	 UDP 9 > 49153
2	1	39.004	 UDP 9 > 49153
1	0	39.0051	 UDP 9 > 49153
1	0	39.9903	 UDP 520 > 520
1	2	39.9903	 UDP 520 > 520
1	4	39.9903	 UDP 520 > 520
0	1	40	 UDP 49153 > 9
1	2	40.001	 UDP 49153 > 9
2	5	40.002	 UDP 49153 > 9
5	2	40.003	 UDP 9 > 49153
2	1	40.004	 UDP 9 > 49153
1	0	40.0051	 UDP 9 > 49153
0	1	41	 UDP 49153 > 9
1	2	41.001	 UDP 49153 > 9
2	5	41.002	 UDP 49153 > 9
5	2	41.003	 UDP 9 > 49153
2	1	41.004	 UDP 9 > 49153
1	0	41.0051	 UDP 9 > 49153
0	1	42	 UDP 49153 > 9
1	2	42.001	 UDP 49153 > 9
2	5	42.002	 UDP 49153 > 9
5	2	42.003	 UDP 9 > 49153
2	1	42.004	 UDP 9 > 49153
1	0	42.0051	 UDP 9 > 49153
0	1	43	 UDP 49153 > 9
1	2	43.001	 UDP 49153 > 9
2	5	43.002	 UDP 49153 > 9
5	2	43.003	 UDP 9 > 49153
2	1	43.004	 UDP 9 > 49153
1	0	43.0051	 UDP 9 > 49153
0	1	44	 UDP 49153 > 9
1	2	44.001	 UDP 49153 > 9
2	5	44.002	 UDP 49153 > 9
5	2	44.003	 UDP 9 > 49153
2	1	44.004	 UDP 9 > 49153
1	0	44.0051	 UDP 9 > 49153
0	1	45	 UDP 49153 > 9
1	2	45.001	 UDP 49153 > 9
2	5	45.002	 UDP 49153 > 9
5	2	45.003	 UDP 9 > 49153
2	1	45.004	 UDP 9 > 49153
1	0	45.0051	 UDP 9 > 49153
0	1	46	 UDP 49153 > 9
1	2	46.001	 UDP 49153 > 9
2	5	46.002	 UDP 49153 > 9
5	2	46.003	 UDP 9 > 49153
2	1	46.004	 UDP 9 > 49153
1	0	46.0051	 UDP 9 > 49153
0	1	47	 UDP 49153 > 9
1	2	47.001	 UDP 49153 > 9
2	5	47.002	 UDP 49153 > 9
5	2	47.003	 UDP 9 > 49153
2	1	47.004	 UDP 9 > 49153
1	0	47.0051	 UDP 9 > 49153
0	1	48	 UDP 49153 > 9
1	2	48.001	 UDP 49153 > 9
2	5	48.002	 UDP 49153 > 9
5	2	48.003	 UDP 9 > 49153
2	1	48.004	 UDP 9 > 49153
1	0	48.0051	 UDP 9 > 49153
0	1	49	 UDP 49153 > 9
1	2	49.001	 UDP 49153 > 9
2	5	49.002	 UDP 49153 > 9
5	2	49.003	 UDP 9 > 49153
2	1	49.004	 UDP 9 > 49153
1	0	49.0051	 UDP 9 > 49153
0	1	50	 UDP 49153 > 9
1	2	50.001	 UDP 49153 > 9
2	5	50.002	 UDP 49153 > 9
5	2	50.003	 UDP 9 > 49153
2	1	50.004	 UDP 9 > 49153
1	0	50.0051	 UDP 9 > 49153
0	1	51	 UDP 49153 > 9
1	2	51.001	 UDP 49153 > 9
2	5	51.002	 UDP 49153 > 9
5	2	51.003	 UDP 9 > 49153
2	1	51.004	 UDP 9 > 49153
1	0	51.0051	 UDP 9 > 49153
0	1	52	 UDP 49153 > 9
1	2	52.001	 UDP 49153 > 9
2	5	52.002	 UDP 49153 > 9
5	2	52.003	 UDP 9 > 49153
2	1	52.004	 UDP 9 > 49153
1	0	52.0051	 UDP 9 > 49153
0	1	53	 UDP 49153 > 9
1	2	53.001	 UDP 49153 > 9
2	5	53.002	 UDP 49153 > 9
5	2	53.003	 UDP 9 > 49153
2	1	53.004	 UDP 9 > 49153
1	0	53.0051	 UDP 9 > 49153
0	1	54	 UDP 49153 > 9
1	2	54.001	 UDP 49153 > 9
2	5	54.002	 UDP 49153 > 9
5	2	54.003	 UDP 9 > 49153
2	1	54.004	 UDP 9 > 49153
1	0	54.0051	 UDP 9 > 49153
0	1	55	 UDP 49153 > 9
0	1	56	 UDP 49153 > 9
1	0	56.9635	 UDP 520 > 520
1	4	56.9635	 UDP 520 > 520
3	0	57.1561	 UDP 520 > 520
3	2	57.1561	 UDP 520 > 520
4	1	57.3475	 UDP 520 > 520
4	5	57.3475	 UDP 520 > 520
2	3	57.9307	 UDP 520 > 520
2	5	57.9307	 UDP 520 > 520
0	1	59.997	 UDP 520 > 520
0	3	59.997	 UDP 520 > 520
1	0	61.0728	 UDP 520 > 520
1	4	61.0728	 UDP 520 > 520
5	2	61.6654	 UDP 520 > 520
5	4	61.6654	 UDP 520 > 520
2	3	61.7382	 UDP 520 > 520
2	5	61.7382	 UDP 520 > 520
4	1	62.5997	 UDP 520 > 520
4	5	62.5997	 UDP 520 > 520
3	0	63.2002	 UDP 520 > 520
3	2	63.2002	 UDP 520 > 520
0	3	64	 UDP 49153 > 9
3	2	64.001	 UDP 49153 > 9
2	5	64.003	 UDP 49153 > 9
1	0	64.232	 UDP 520 > 520
1	4	64.232	 UDP 520 > 520
5	2	64.9556	 UDP 520 > 520
5	4	64.9556	 UDP 520 > 520
0	3	65	 UDP 49153 > 9
3	2	65.001	 UDP 49153 > 9
2	5	65.003	 UDP 49153 > 9
3	0	65.4599	 UDP 520 > 520
3	2	65.4599	 UDP 520 > 520
0	3	66	 UDP 49153 > 9
3	2	66.001	 UDP 49153 > 9
2	5	66.003	 UDP 49153 > 9
0	3	67	 UDP 49153 > 9
3	2	67.001	 UDP 49153 > 9
2	5	67.003	 UDP 49153 > 9
2	3	67.0233	 UDP 520 > 520
2	5	67.0233	 UDP 520 > 520
0	1	67.7503	 UDP 520 > 520
0	3	67.7503	 UDP 520 > 520
0	3	68	 UDP 49153 > 9
3	2	68.001	 UDP 49153 > 9
2	5	68.003	 UDP 49153 > 9
5	2	68.004	 UDP 9 > 49153
2	3	68.005	 UDP 9 > 49153
3	0	68.0071	 UDP 9 > 49153
4	1	68.0698	 UDP 520 > 520
4	5	68.0698	 UDP 520 > 520
0	3	69	 UDP 49153 > 9
3	2	69.001	 UDP 49153 > 9
2	5	69.003	 UDP 49153 > 9
5	2	69.004	 UDP 9 > 49153
2	3	69.005	 UDP 9 > 49153
3	0	69.0071	 UDP 9 > 49153
0	3	70	 UDP 49153 > 9
3	2	70.001	 UDP 49153 > 9
2	5	70.003	 UDP 49153 > 9
5	2	70.004	 UDP 9 > 49153
2	3	70.005	 UDP 9 > 49153
3	0	70.0071	 UDP 9 > 49153
5	2	70.5357	 UDP 520 > 520
5	4	70.5357	 UDP 520 > 520
0	3	71	 UDP 49153 > 9
3	2	71.001	 UDP 49153 > 9
2	5	71.003	 UDP 49153 > 9
5	2	71.004	 UDP 9 > 49153
2	3	71.005	 UDP 9 > 49153
3	0	71.0071	 UDP 9 > 49153
3	0	71.5897	 UDP 520 > 520
3	2	71.5897	 UDP 520 > 520
4	1	71.909	 UDP 520 > 520
4	5	71.909	 UDP 520 > 520
0	3	72	 UDP 49153 > 9
3	2	72.001	 UDP 49153 > 9
2	5	72.003	 UDP 49153 > 9
5	2	72.004	 UDP 9 > 49153
2	3	72.005	 UDP 9 > 49153
3	0	72.0071	 UDP 9 > 49153
1	0	72.1341	 UDP 520 > 520
1	4	72.1341	 UDP 520 > 520
0	3	73	 UDP 49153 > 9
3	2	73.001	 UDP 49153 > 9
2	5	73.003	 UDP 49153 > 9
5	2	73.004	 UDP 9 > 49153
2	3	73.005	 UDP 9 > 49153
3	0	73.0071	 UDP 9 > 49153
0	3	74	 UDP 49153 > 9
3	2	74.001	 UDP 49153 > 9
2	5	74.003	 UDP 49153 > 9
5	2	74.004	 UDP 9 > 49153
2	3	74.005	 UDP 9 > 49153
3	0	74.0071	 UDP 9 > 49153
0	3	75	 UDP 49153 > 9
3	2	75.001	 UDP 49153 > 9
2	5	75.003	 UDP 49153 > 9
5	2	75.004	 UDP 9 > 49153
2	3	75.005	 UDP 9 > 49153
3	0	75.0071	 UDP 9 > 49153
0	3	76	 UDP 49153 > 9
3	2	76.001	 UDP 49153 > 9
2	5	76.003	 UDP 49153 > 9
5	2	76.004	 UDP 9 > 49153
2	3	76.005	 UDP 9 > 49153
3	0	76.0071	 UDP 9 > 49153
0	3	77	 UDP 49153 > 9
3	2	77.001	 UDP 49153 > 9
2	5	77.003	 UDP 49153 > 9
5	2	77.004	 UDP 9 > 49153
2	3	77.005	 UDP 9 > 49153
3	0	77.0071	 UDP 9 > 49153
1	0	77.5182	 UDP 520 > 520
1	4	77.5182	 UDP 520 > 520
0	3	78	 UDP 49153 > 9
3	2	78.001	 UDP 49153 > 9
2	5	78.003	 UDP 49153 > 9
5	2	78.004	 UDP 9 > 49153
2	3	78.005	 UDP 9 > 49153
3	0	78.0071	 UDP 9 > 49153
0	3	79	 UDP 49153 > 9
3	2	79.001	 UDP 49153 > 9
2	5	79.003	 UDP 49153 > 9
5	2	79.004	 UDP 9 > 49153
2	3	79.005	 UDP 9 > 49153
3	0	79.0071	 UDP 9 > 49153
0	1	79.3823	 UDP 520 > 520
0	3	79.3823	 UDP 520 > 520
0	3	80	 UDP 49153 > 9
3	2	80.001	 UDP 49153 > 9
2	5	80.003	 UDP 49153 > 9
5	2	80.004	 UDP 9 > 49153
2	3	80.005	 UDP 9 > 49153
3	0	80.0071	 UDP 9 > 49153
0	3	81	 UDP 49153 > 9
3	2	81.001	 UDP 49153 > 9
2	5	81.003	 UDP 49153 > 9
5	2	81.004	 UDP 9 > 49153
2	3	81.005	 UDP 9 > 49153
3	0	81.0071	 UDP 9 > 49153
3	0	81.4593	 UDP 520 > 520
3	2	81.4593	 UDP 520 > 520
4	1	81.561	 UDP 520 > 520
4	5	81.561	 UDP 520 > 520
0	3	82	 UDP 49153 > 9
3	2	82.001	 UDP 49153 > 9
2	5	82.003	 UDP 49153 > 9
5	2	82.004	 UDP 9 > 49153
2	3	82.005	 UDP 9 > 49153
3	0	82.0071	 UDP 9 > 49153
1	0	82.7416	 UDP 520 > 520
1	4	82.7416	 UDP 520 > 520
0	3	83	 UDP 49153 > 9
3	2	83.001	 UDP 49153 > 9
2	5	83.003	 UDP 49153 > 9
5	2	83.004	 UDP 9 > 49153
2	3	83.005	 UDP 9 > 49153
3	0	83.0071	 UDP 9 > 49153
0	3	84	 UDP 49153 > 9
3	2	84.001	 UDP 49153 > 9
2	5	84.003	 UDP 49153 > 9
5	2	84.004	 UDP 9 > 49153
2	3	84.005	 UDP 9 > 49153
3	0	84.0071	 UDP 9 > 49153
5	2	84.6212	 UDP 520 > 520
5	4	84.6212	 UDP 520 > 520
0	3	85	 UDP 49153 > 9
3	2	85.001	 UDP 49153 > 9
2	5	85.003	 UDP 49153 > 9
5	2	85.004	 UDP 9 > 49153
2	3	85.005	 UDP 9 > 49153
3	0	85.0071	 UDP 9 > 49153
0	3	86	 UDP 49153 > 9
3	2	86.001	 UDP 49153 > 9
2	5	86.003	 UDP 49153 > 9
5	2	86.004	 UDP 9 > 49153
2	3	86.005	 UDP 9 > 49153
3	0	86.0071	 UDP 9 > 49153
0	3	87	 UDP 49153 > 9
3	2	87.001	 UDP 49153 > 9
2	5	87.003	 UDP 49153 > 9
5	2	87.004	 UDP 9 > 49153
2	3	87.005	 UDP 9 > 49153
3	0	87.0071	 UDP 9 > 49153
0	3	88	 UDP 49153 > 9
3	2	88.001	 UDP 49153 > 9
2	5	88.003	 UDP 49153 > 9
5	2	88.004	 UDP 9 > 49153
2	3	88.005	 UDP 9 > 49153
3	0	88.0071	 UDP 9 > 49153
0	3	89	 UDP 49153 > 9
3	2	89.001	 UDP 49153 > 9
2	5	89.003	 UDP 49153 > 9
5	2	89.004	 UDP 9 > 49153
2	3	89.005	 UDP 9 > 49153
3	0	89.0071	 UDP 9 > 49153
0	3	90	 UDP 49153 > 9
3	2	90.001	 UDP 49153 > 9
2	5	90.003	 UDP 49153 > 9
5	2	90.004	 UDP 9 > 49153
2	3	90.005	 UDP 9 > 49153
3	0	90.0071	 UDP 9 > 49153
0	3	91	 UDP 49153 > 9
3	2	91.001	 UDP 49153 > 9
2	5	91.003	 UDP 49153 > 9
5	2	91.004	 UDP 9 > 49153
2	3	91.005	 UDP 9 > 49153
3	0	91.0071	 UDP 9 > 49153
2	3	91.9966	 UDP 520 > 520
2	5	91.9966	 UDP 520 > 520
0	3	92	 UDP 49153 > 9
3	2	92.001	 UDP 49153 > 9
2	5	92.003	 UDP 49153 > 9
5	2	92.004	 UDP 9 > 49153
2	3	92.005	 UDP 9 > 49153
3	0	92.0071	 UDP 9 > 49153
0	3	93	 UDP 49153 > 9
3	2	93.001	 UDP 49153 > 9
2	5	93.003	 UDP 49153 > 9
5	2	93.004	 UDP 9 > 49153
2	3	93.005	 UDP 9 > 49153
3	0	93.0071	 UDP 9 > 49153
3	0	93.4385	 UDP 520 > 520
3	2	93.4385	 UDP 520 > 520
0	3	94	 UDP 49153 > 9
3	2	94.001	 UDP 49153 > 9
2	5	94.003	 UDP 49153 > 9
5	2	94.004	 UDP 9 > 49153
2	3	94.005	 UDP 9 > 49153
3	0	94.0071	 UDP 9 > 49153
0	3	95	 UDP 49153 > 9
3	2	95.001	 UDP 49153 > 9
2	5	95.003	 UDP 49153 > 9
5	2	95.004	 UDP 9 > 49153
2	3	95.005	 UDP 9 > 49153
3	0	95.0071	 UDP 9 > 49153
0	3	96	 UDP 49153 > 9
3	2	96.001	 UDP 49153 > 9
2	5	96.003	 UDP 49153 > 9
5	2	96.004	 UDP 9 > 49153
2	3	96.005	 UDP 9 > 49153
3	0	96.0071	 UDP 9 > 49153
0	3	97	 UDP 49153 > 9
3	2	97.001	 UDP 49153 > 9
2	5	97.003	 UDP 49153 > 9
5	2	97.004	 UDP 9 > 49153
2	3	97.005	 UDP 9 > 49153
3	0	97.0071	 UDP 9 > 49153
0	3	98	 UDP 49153 > 9
3	2	98.001	 UDP 49153 > 9
2	5	98.003	 UDP 49153 > 9
5	2	98.004	 UDP 9 > 49153
2	3	98.005	 UDP 9 > 49153
3	0	98.0071	 UDP 9 > 49153
0	3	99	 UDP 49153 > 9
3	2	99.001	 UDP 49153 > 9
2	5	99.003	 UDP 49153 > 9
5	2	99.004	 UDP 9 > 49153
2	3	99.005	 UDP 9 > 49153
3	0	99.0071	 UDP 9 > 49153
0	3	100	 UDP 49153 > 9
3	2	100.001	 UDP 49153 > 9
2	5	100.003	 UDP 49153 > 9
5	2	100.004	 UDP 9 > 49153
2	3	100.005	 UDP 9 > 49153
3	0	100.007	 UDP 9 > 49153
5	2	100.811	 UDP 520 > 520
5	4	100.811	 UDP 520 > 520
0	3	101	 UDP 49153 > 9
3	2	101.001	 UDP 49153 > 9
2	5	101.003	 UDP 49153 > 9
5	2	101.004	 UDP 9 > 49153
2	3	101.005	 UDP 9 > 49153
3	0	101.007	 UDP 9 > 49153
0	3	102	 UDP 49153 > 9
3	2	102.001	 UDP 49153 > 9
2	5	102.003	 UDP 49153 > 9
5	2	102.004	 UDP 9 > 49153
2	3	102.005	 UDP 9 > 49153
3	0	102.007	 UDP 9 > 49153
4	1	102.195	 UDP 520 > 520
4	5	102.195	 UDP 520 > 520
0	3	103	 UDP 49153 > 9
3	2	103.001	 UDP 49153 > 9
2	5	103.003	 UDP 49153 > 9
5	2	103.004	 UDP 9 > 49153
2	3	103.005	 UDP 9 > 49153
3	0	103.007	 UDP 9 > 49153
1	0	103.66	 UDP 520 > 520
1	4	103.66	 UDP 520 > 520
0	3	104	 UDP 49153 > 9
3	2	104.001	 UDP 49153 > 9
2	5	104.003	 UDP 49153 > 9
5	2	104.004	 UDP 9 > 49153
2	3	104.005	 UDP 9 > 49153
3	0	104.007	 UDP 9 > 49153
2	3	104.856	 UDP 520 > 520
2	5	104.856	 UDP 520 > 520
0	3	105	 UDP 49153 > 9
3	2	105.001	 UDP 49153 > 9
2	5	105.003	 UDP 49153 > 9
5	2	105.004	 UDP 9 > 49153
2	3	105.005	 UDP 9 > 49153
3	0	105.007	 UDP 9 > 49153
0	3	106	 UDP 49153 > 9
3	2	106.001	 UDP 49153 > 9
2	5	106.003	 UDP 49153 > 9
5	2	106.004	 UDP 9 > 49153
2	3	106.005	 UDP 9 > 49153
3	0	106.007	 UDP 9 > 49153
3	0	106.622	 UDP 520 > 520
3	2	106.622	 UDP 520 > 520
0	3	107	 UDP 49153 > 9
3	2	107.001	 UDP 49153 > 9
2	5	107.003	 UDP 49153 > 9
5	2	107.004	 UDP 9 > 49153
2	3	107.005	 UDP 9 > 49153
3	0	107.007	 UDP 9 > 49153
0	3	108	 UDP 49153 > 9
3	2	108.001	 UDP 49153 > 9
2	5	108.003	 UDP 49153 > 9
5	2	108.004	 UDP 9 > 49153
2	3	108.005	 UDP 9 > 49153
3	0	108.007	 UDP 9 > 49153
0	3	109	 UDP 49153 > 9
3	2	109.001	 UDP 49153 > 9
2	5	109.003	 UDP 49153 > 9
5	2	109.004	 UDP 9 > 49153
2	3	109.005	 UDP 9 > 49153
3	0	109.007	 UDP 9 > 49153
0	3	110	 UDP 49153 > 9
3	2	110.001	 UDP 49153 > 9
2	5	110.003	 UDP 49153 > 9
5	2	110.004	 UDP 9 > 49153
2	3	110.005	 UDP 9 > 49153
3	0	110.007	 UDP 9 > 49153
0	3	111	 UDP 49153 > 9
3	2	111.001	 UDP 49153 > 9
2	5	111.003	 UDP 49153 > 9
5	2	111.004	 UDP 9 > 49153
2	3	111.005	 UDP 9 > 49153
3	0	111.007	 UDP 9 > 49153
1	0	111.185	 UDP 520 > 520
1	4	111.185	 UDP 520 > 520
0	3	112	 UDP 49153 > 9
3	2	112.001	 UDP 49153 > 9
2	5	112.003	 UDP 49153 > 9
5	2	112.004	 UDP 9 > 49153
2	3	112.005	 UDP 9 > 49153
3	0	112.007	 UDP 9 > 49153
0	3	113	 UDP 49153 > 9
3	2	113.001	 UDP 49153 > 9
2	5	113.003	 UDP 49153 > 9
5	2	113.004	 UDP 9 > 49153
2	3	113.005	 UDP 9 > 49153
3	0	113.007	 UDP 9 > 49153
4	1	113.876	 UDP 520 > 520
4	5	113.876	 UDP 520 > 520
4	3	113.876	 UDP 520 > 520
0	3	114	 UDP 49153 > 9
3	2	114.001	 UDP 49153 > 9
2	5	114.003	 UDP 49153 > 9
5	2	114.004	 UDP 9 > 49153
2	3	114.005	 UDP 9 > 49153
3	0	114.007	 UDP 9 > 49153
0	1	114.042	 UDP 520 > 520
0	3	114.042	 UDP 520 > 520
3	0	114.641	 UDP 520 > 520
3	2	114.641	 UDP 520 > 520
3	4	114.641	 UDP 520 > 520
2	3	114.755	 UDP 520 > 520
2	5	114.755	 UDP 520 > 520
2	1	114.755	 UDP 520 > 520
0	3	115	 UDP 49153 > 9
3	2	115.001	 UDP 49153 > 9
2	5	115.003	 UDP 49153 > 9
5	2	115.004	 UDP 9 > 49153
2	3	115.005	 UDP 9 > 49153
3	0	115.007	 UDP 9 > 49153
1	0	115.205	 UDP 520 > 520
1	4	115.205	 UDP 520 > 520
1	2	115.205	 UDP 520 > 520
0	3	116	 UDP 49153 > 9
3	2	116.001	 UDP 49153 > 9
2	5	116.003	 UDP 49153 > 9
5	2	116.004	 UDP 9 > 49153
2	1	116.005	 UDP 9 > 49153
1	0	116.006	 UDP 9 > 49153
2	3	116.235	 UDP 520 > 520
2	5	116.235	 UDP 520 > 520
2	1	116.235	 UDP 520 > 520
0	1	116.578	 UDP 520 > 520
0	3	116.578	 UDP 520 > 520
0	3	117	 UDP 49153 > 9
3	2	117.001	 UDP 49153 > 9
2	5	117.003	 UDP 49153 > 9
5	2	117.004	 UDP 9 > 49153
2	1	117.005	 UDP 9 > 49153
1	0	117.006	 UDP 9 > 49153
4	1	117.379	 UDP 520 > 520
4	5	117.379	 UDP 520 > 520
4	3	117.379	 UDP 520 > 520
5	2	117.401	 UDP 520 > 520
5	4	117.401	 UDP 520 > 520
0	3	118	 UDP 49153 > 9
3	2	118.001	 UDP 49153 > 9
2	5	118.003	 UDP 49153 > 9
5	2	118.004	 UDP 9 > 49153
2	1	118.005	 UDP 9 > 49153
1	0	118.006	 UDP 9 > 49153
1	0	118.683	 UDP 520 > 520
1	4	118.683	 UDP 520 > 520
1	2	118.683	 UDP 520 > 520
0	3	119	 UDP 49153 > 9
3	2	119.001	 UDP 49153 > 9
2	5	119.003	 UDP 49153 > 9
5	2	119.004	 UDP 9 > 49153
2	1	119.005	 UDP 9 > 49153
1	0	119.006	 UDP 9 > 49153
4	1	119.49	 UDP 520 > 520
4	5	119.49	 UDP 520 > 520
4	3	119.49	 UDP 520 > 520
2	3	119.781	 UDP 520 > 520
2	5	119.781	 UDP 520 > 520
2	1	119.781	 UDP 520 > 520
0	3	120	 UDP 49153 > 9
3	2	120.001	 UDP 49153 > 9
2	5	120.003	 UDP 49153 > 9
5	2	120.004	 UDP 9 > 49153
2	1	120.005	 UDP 9 > 49153
1	0	120.006	 UDP 9 > 49153
0	3	121	 UDP 49153 > 9
3	2	121.001	 UDP 49153 > 9
2	5	121.003	 UDP 49153 > 9
5	2	121.004	 UDP 9 > 49153
2	1	121.005	 UDP 9 > 49153
1	0	121.006	 UDP 9 > 49153
0	1	121.725	 UDP 520 > 520
0	3	121.725	 UDP 520 > 520
3	0	121.83	 UDP 520 > 520
3	2	121.83	 UDP 520 > 520
3	4	121.83	 UDP 520 > 520
1	0	121.894	 UDP 520 > 520
1	4	121.894	 UDP 520 > 520
0	3	122	 UDP 49153 > 9
3	2	122.001	 UDP 49153 > 9
2	5	122.003	 UDP 49153 > 9
5	2	122.004	 UDP 9 > 49153
2	1	122.005	 UDP 9 > 49153
1	0	122.006	 UDP 9 > 49153
0	3	123	 UDP 49153 > 9
3	2	123.001	 UDP 49153 > 9
2	5	123.003	 UDP 49153 > 9
5	2	123.004	 UDP 9 > 49153
2	1	123.005	 UDP 9 > 49153
1	0	123.006	 UDP 9 > 49153
5	2	123.514	 UDP 520 > 520
5	4	123.514	 UDP 520 > 520
0	1	123.947	 UDP 520 > 520
0	3	123.947	 UDP 520 > 520
0	3	124	 UDP 49153 > 9
3	2	124.001	 UDP 49153 > 9
2	5	124.003	 UDP 49153 > 9
5	2	124.004	 UDP 9 > 49153
2	1	124.005	 UDP 9 > 49153
1	0	124.006	 UDP 9 > 49153
0	3	125	 UDP 49153 > 9
3	2	125.001	 UDP 49153 > 9
2	5	125.003	 UDP 49153 > 9
5	2	125.004	 UDP 9 > 49153
2	1	125.005	 UDP 9 > 49153
1	0	125.006	 UDP 9 > 49153
0	3	126	 UDP 49153 > 9
3	2	126.001	 UDP 49153 > 9
2	5	126.003	 UDP 49153 > 9
5	2	126.004	 UDP 9 > 49153
2	1	126.005	 UDP 9 > 49153
1	0	126.006	 UDP 9 > 49153
2	3	126.144	 UDP 520 > 520
2	5	126.144	 UDP 520 > 520
2	1	126.144	 UDP 520 > 520
0	3	127	 UDP 49153 > 9
3	2	127.001	 UDP 49153 > 9
2	5	127.003	 UDP 49153 > 9
5	2	127.004	 UDP 9 > 49153
2	1	127.005	 UDP 9 > 49153
1	0	127.006	 UDP 9 > 49153
3	0	127.385	 UDP 520 > 520
3	2	127.385	 UDP 520 > 520
3	4	127.385	 UDP 520 > 520
1	0	127.416	 UDP 520 > 520
1	4	127.416	 UDP 520 > 520
1	2	127.416	 UDP 520 > 520
0	3	128	 UDP 49153 > 9
3	2	128.001	 UDP 49153 > 9
2	5	128.003	 UDP 49153 > 9
5	2	128.004	 UDP 9 > 49153
2	1	128.005	 UDP 9 > 49153
1	0	128.006	 UDP 9 > 49153
0	3	129	 UDP 49153 > 9
3	2	129.001	 UDP 49153 > 9
2	5	129.003	 UDP 49153 > 9
5	2	129.004	 UDP 9 > 49153
2	1	129.005	 UDP 9 > 49153
1	0	129.006	 UDP 9 > 49153
0	3	130	 UDP 49153 > 9
3	2	130.001	 UDP 49153 > 9
2	5	130.003	 UDP 49153 > 9
5	2	130.004	 UDP 9 > 49153
2	1	130.005	 UDP 9 > 49153
1	0	130.006	 UDP 9 > 49153
0	1	130.269	 UDP 520 > 520
0	3	130.269	 UDP 520 > 520
5	2	130.418	 UDP 520 > 520
5	4	130.418	 UDP 520 > 520
0	3	131	 UDP 49153 > 9
3	2	131.001	 UDP 49153 > 9
2	5	131.003	 UDP 49153 > 9
5	2	131.004	 UDP 9 > 49153
2	1	131.005	 UDP 9 > 49153
1	0	131.006	 UDP 9 > 49153
4	1	131.209	 UDP 520 > 520
4	5	131.209	 UDP 520 > 520
4	3	131.209	 UDP 520 > 520
1	0	131.396	 UDP 520 > 520
1	4	131.396	 UDP 520 > 520
1	2	131.396	 UDP 520 > 520
0	3	132	 UDP 49153 > 9
3	2	132.001	 UDP 49153 > 9
2	5	132.003	 UDP 49153 > 9
5	2	132.004	 UDP 9 > 49153
2	1	132.005	 UDP 9 > 49153
1	0	132.006	 UDP 9 > 49153
2	3	132.361	 UDP 520 > 520
2	5	132.361	 UDP 520 > 520
2	1	132.361	 UDP 520 > 520
0	3	133	 UDP 49153 > 9
3	2	133.001	 UDP 49153 > 9
2	5	133.003	 UDP 49153 > 9
5	2	133.004	 UDP 9 > 49153
2	1	133.005	 UDP 9 > 49153
1	0	133.006	 UDP 9 > 49153
1	0	133.937	 UDP 520 > 520
1	4	133.937	 UDP 520 > 520
1	2	133.937	 UDP 520 > 520
0	1	134	 UDP 49153 > 9
1	2	134.001	 UDP 49153 > 9
2	5	134.002	 UDP 49153 > 9
5	2	134.003	 UDP 9 > 49153
2	1	134.004	 UDP 9 > 49153
1	0	134.005	 UDP 9 > 49153
0	1	134.164	 UDP 520 > 520
0	3	134.164	 UDP 520 > 520
5	2	134.166	 UDP 520 > 520
5	4	134.166	 UDP 520 > 520
3	0	134.653	 UDP 520 > 520
3	2	134.653	 UDP 520 > 520
3	4	134.653	 UDP 520 > 520
0	1	135	 UDP 49153 > 9
1	2	135.001	 UDP 49153 > 9
2	5	135.002	 UDP 49153 > 9
5	2	135.003	 UDP 9 > 49153
2	1	135.004	 UDP 9 > 49153
1	0	135.005	 UDP 9 > 49153
0	1	136	 UDP 49153 > 9
1	2	136.001	 UDP 49153 > 9
2	5	136.002	 UDP 49153 > 9
5	2	136.003	 UDP 9 > 49153
2	1	136.004	 UDP 9 > 49153
1	0	136.005	 UDP 9 > 49153
4	1	136.123	 UDP 520 > 520
4	5	136.123	 UDP 520 > 520
4	3	136.123	 UDP 520 > 520
0	1	137	 UDP 49153 > 9
1	2	137.001	 UDP 49153 > 9
2	5	137.002	 UDP 49153 > 9
5	2	137.003	 UDP 9 > 49153
2	1	137.004	 UDP 9 > 49153
1	0	137.005	 UDP 9 > 49153
0	1	138	 UDP 49153 > 9
1	2	138.001	 UDP 49153 > 9
2	5	138.002	 UDP 49153 > 9
5	2	138.003	 UDP 9 > 49153
2	1	138.004	 UDP 9 > 49153
1	0	138.005	 UDP 9 > 49153
2	3	138.613	 UDP 520 > 520
2	5	138.613	 UDP 520 > 520
2	1	138.613	 UDP 520 > 520
0	1	139	 UDP 49153 > 9
1	2	139.001	 UDP 49153 > 9
2	5	139.002	 UDP 49153 > 9
5	2	139.003	 UDP 9 > 49153
2	1	139.004	 UDP 9 > 49153
1	0	139.005	 UDP 9 > 49153
0	1	139.135	 UDP 520 > 520
0	3	139.135	 UDP 520 > 520
3	0	139.287	 UDP 520 > 520
3	2	139.287	 UDP 520 > 520
3	4	139.287	 UDP 520 > 520
1	0	139.527	 UDP 520 > 520
1	4	139.527	 UDP 520 > 520
0	1	140	 UDP 49153 > 9
1	2	140.001	 UDP 49153 > 9
2	5	140.002	 UDP 49153 > 9
5	2	140.003	 UDP 9 > 49153
2	1	140.004	 UDP 9 > 49153
1	0	140.005	 UDP 9 > 49153
2	3	140.541	 UDP 520 > 520
2	5	140.541	 UDP 520 > 520
2	1	140.541	 UDP 520 > 520
0	1	141	 UDP 49153 > 9
1	2	141.001	 UDP 49153 > 9
2	5	141.002	 UDP 49153 > 9
5	2	141.003	 UDP 9 > 49153
2	1	141.004	 UDP 9 > 49153
1	0	141.005	 UDP 9 > 49153
5	2	141.171	 UDP 520 > 520
5	4	141.171	 UDP 520 > 520
4	1	141.458	 UDP 520 > 520
4	5	141.458	 UDP 520 > 520
4	3	141.458	 UDP 520 > 520
0	1	141.708	 UDP 520 > 520
0	3	141.708	 UDP 520 > 520
0	1	142	 UDP 49153 > 9
1	2	142.001	 UDP 49153 > 9
2	5	142.002	 UDP 49153 > 9
5	2	142.003	 UDP 9 > 49153
2	1	142.004	 UDP 9 > 49153
1	0	142.005	 UDP 9 > 49153
0	1	143	 UDP 49153 > 9
1	2	143.001	 UDP 49153 > 9
2	5	143.002	 UDP 49153 > 9
5	2	143.003	 UDP 9 > 49153
2	1	143.004	 UDP 9 > 49153
1	0	143.005	 UDP 9 > 49153
5	2	143.394	 UDP 520 > 520
5	4	143.394	 UDP 520 > 520
0	1	144	 UDP 49153 > 9
1	2	144.001	 UDP 49153 > 9
2	5	144.002	 UDP 49153 > 9
5	2	144.003	 UDP 9 > 49153
2	1	144.004	 UDP 9 > 49153
1	0	144.005	 UDP 9 > 49153
1	0	144.301	 UDP 520 > 520
1	4	144.301	 UDP 520 > 520
1	2	144.301	 UDP 520 > 520
0	1	145	 UDP 49153 > 9
1	2	145.001	 UDP 49153 > 9
2	5	145.002	 UDP 49153 > 9
5	2	145.003	 UDP 9 > 49153
2	1	145.004	 UDP 9 > 49153
1	0	145.005	 UDP 9 > 49153
3	0	145.692	 UDP 520 > 520
3	2	145.692	 UDP 520 > 520
3	4	145.692	 UDP 520 > 520
0	1	146	 UDP 49153 > 9
1	2	146.001	 UDP 49153 > 9
2	5	146.002	 UDP 49153 > 9
5	2	146.003	 UDP 9 > 49153
2	1	146.004	 UDP 9 > 49153
1	0	146.005	 UDP 9 > 49153
4	1	146.154	 UDP 520 > 520
4	5	146.154	 UDP 520 > 520
4	3	146.154	 UDP 520 > 520
2	3	146.526	 UDP 520 > 520
2	5	146.526	 UDP 520 > 520
2	1	146.526	 UDP 520 > 520
0	1	147	 UDP 49153 > 9
1	2	147.001	 UDP 49153 > 9
2	5	147.002	 UDP 49153 > 9
5	2	147.003	 UDP 9 > 49153
2	1	147.004	 UDP 9 > 49153
1	0	147.005	 UDP 9 > 49153
0	1	148	 UDP 49153 > 9
1	2	148.001	 UDP 49153 > 9
2	5	148.002	 UDP 49153 > 9
5	2	148.003	 UDP 9 > 49153
2	1	148.004	 UDP 9 > 49153
1	0	148.005	 UDP 9 > 49153
0	1	148.382	 UDP 520 > 520
0	3	148.382	 UDP 520 > 520
0	1	149	 UDP 49153 > 9
1	2	149.001	 UDP 49153 > 9
2	5	149.002	 UDP 49153 > 9
5	2	149.003	 UDP 9 > 49153
2	1	149.004	 UDP 9 > 49153
1	0	149.005	 UDP 9 > 49153
5	2	149.34	 UDP 520 > 520
5	4	149.34	 UDP 520 > 520
0	1	150	 UDP 49153 > 9
1	2	150.001	 UDP 49153 > 9
2	5	150.002	 UDP 49153 > 9
5	2	150.003	 UDP 9 > 49153
2	1	150.004	 UDP 9 > 49153
1	0	150.005	 UDP 9 > 49153
1	0	150.418	 UDP 520 > 520
1	4	150.418	 UDP 520 > 520
2	3	150.479	 UDP 520 > 520
2	5	150.479	 UDP 520 > 520
2	1	150.479	 UDP 520 > 520
3	0	150.626	 UDP 520 > 520
3	2	150.626	 UDP 520 > 520
3	4	150.626	 UDP 520 > 520
0	1	151	 UDP 49153 > 9
1	2	151.001	 UDP 49153 > 9
2	5	151.002	 UDP 49153 > 9
5	2	151.003	 UDP 9 > 49153
2	1	151.004	 UDP 9 > 49153
1	0	151.005	 UDP 9 > 49153
0	1	152	 UDP 49153 > 9
1	2	152.001	 UDP 49153 > 9
2	5	152.002	 UDP 49153 > 9
5	2	152.003	 UDP 9 > 49153
2	1	152.004	 UDP 9 > 49153
1	0	152.005	 UDP 9 > 49153
0	1	153	 UDP 49153 > 9
1	2	153.001	 UDP 49153 > 9
2	5	153.002	 UDP 49153 > 9
5	2	153.003	 UDP 9 > 49153
2	1	153.004	 UDP 9 > 49153
1	0	153.005	 UDP 9 > 49153
0	1	153.026	 UDP 520 > 520
0	3	153.026	 UDP 520 > 520
4	1	153.838	 UDP 520 > 520
4	5	153.838	 UDP 520 > 520
0	1	154	 UDP 49153 > 9
1	2	154.001	 UDP 49153 > 9
2	5	154.002	 UDP 49153 > 9
5	2	154.003	 UDP 9 > 49153
2	1	154.004	 UDP 9 > 49153
1	0	154.005	 UDP 9 > 49153
0	1	155	 UDP 49153 > 9
1	2	155.001	 UDP 49153 > 9
2	5	155.002	 UDP 49153 > 9
5	2	155.003	 UDP 9 > 49153
2	1	155.004	 UDP 9 > 49153
1	0	155.005	 UDP 9 > 49153
1	0	155.159	 UDP 520 > 520
1	4	155.159	 UDP 520 > 520
1	2	155.159	 UDP 520 > 520
5	2	155.435	 UDP 520 > 520
5	4	155.435	 UDP 520 > 520
0	1	155.675	 UDP 520 > 520
0	3	155.675	 UDP 520 > 520
0	1	156	 UDP 49153 > 9
1	2	156.001	 UDP 49153 > 9
2	5	156.002	 UDP 49153 > 9
5	2	156.003	 UDP 9 > 49153
2	1	156.004	 UDP 9 > 49153
1	0	156.005	 UDP 9 > 49153
0	1	157	 UDP 49153 > 9
1	2	157.001	 UDP 49153 > 9
2	5	157.002	 UDP 49153 > 9
5	2	157.003	 UDP 9 > 49153
2	1	157.004	 UDP 9 > 49153
1	0	157.005	 UDP 9 > 49153
1	0	157.435	 UDP 520 > 520
1	4	157.435	 UDP 520 > 520
1	2	157.435	 UDP 520 > 520
0	1	158	 UDP 49153 > 9
1	2	158.001	 UDP 49153 > 9
2	5	158.002	 UDP 49153 > 9
5	2	158.003	 UDP 9 > 49153
2	1	158.004	 UDP 9 > 49153
1	0	158.005	 UDP 9 > 49153
4	1	158.484	 UDP 520 > 520
4	5	158.484	 UDP 520 > 520
4	3	158.484	 UDP 520 > 520
0	1	158.972	 UDP 520 > 520
0	3	158.972	 UDP 520 > 520
0	1	159	 UDP 49153 > 9
1	2	159.001	 UDP 49153 > 9
2	5	159.002	 UDP 49153 > 9
5	2	159.003	 UDP 9 > 49153
2	1	159.004	 UDP 9 > 49153
1	0	159.005	 UDP 9 > 49153
2	3	159.315	 UDP 520 > 520
2	5	159.315	 UDP 520 > 520
2	1	159.315	 UDP 520 > 520
0	1	160	 UDP 49153 > 9
1	2	160.001	 UDP 49153 > 9
2	5	160.002	 UDP 49153 > 9
5	2	160.003	 UDP 9 > 49153
2	1	160.004	 UDP 9 > 49153
1	0	160.005	 UDP 9 > 49153
0	1	161	 UDP 49153 > 9
1	2	161.001	 UDP 49153 > 9
2	5	161.002	 UDP 49153 > 9
5	2	161.003	 UDP 9 > 49153
2	1	161.004	 UDP 9 > 49153
1	0	161.005	 UDP 9 > 49153
3	0	161.354	 UDP 520 > 520
3	2	161.354	 UDP 520 > 520
3	4	161.354	 UDP 520 > 520
0	1	162	 UDP 49153 > 9
1	2	162.001	 UDP 49153 > 9
2	5	162.002	 UDP 49153 > 9
5	2	162.003	 UDP 9 > 49153
2	1	162.004	 UDP 9 > 49153
1	0	162.005	 UDP 9 > 49153
5	2	162.923	 UDP 520 > 520
5	4	162.923	 UDP 520 > 520
0	1	163	 UDP 49153 > 9
1	2	163.001	 UDP 49153 > 9
2	5	163.002	 UDP 49153 > 9
5	2	163.003	 UDP 9 > 49153
2	1	163.004	 UDP 9 > 49153
1	0	163.005	 UDP 9 > 49153
0	1	164	 UDP 49153 > 9
1	2	164.001	 UDP 49153 > 9
2	5	164.002	 UDP 49153 > 9
5	2	164.003	 UDP 9 > 49153
2	1	164.004	 UDP 9 > 49153
1	0	164.005	 UDP 9 > 49153
0	1	164.044	 UDP 520 > 520
0	3	164.044	 UDP 520 > 520
2	3	164.127	 UDP 520 > 520
2	5	164.127	 UDP 520 > 520
4	1	164.598	 UDP 520 > 520
4	5	164.598	 UDP 520 > 520
4	3	164.598	 UDP 520 > 520
0	1	165	 UDP 49153 > 9
1	2	165.001	 UDP 49153 > 9
2	5	165.002	 UDP 49153 > 9
5	2	165.003	 UDP 9 > 49153
2	1	165.004	 UDP 9 > 49153
1	0	165.005	 UDP 9 > 49153
0	1	166	 UDP 49153 > 9
1	2	166.001	 UDP 49153 > 9
2	5	166.002	 UDP 49153 > 9
5	2	166.003	 UDP 9 > 49153
2	1	166.004	 UDP 9 > 49153
1	0	166.005	 UDP 9 > 49153
5	2	166.922	 UDP 520 > 520
5	4	166.922	 UDP 520 > 520
0	1	167	 UDP 49153 > 9
1	2	167.001	 UDP 49153 > 9
2	5	167.002	 UDP 49153 > 9
5	2	167.003	 UDP 9 > 49153
2	1	167.004	 UDP 9 > 49153
1	0	167.005	 UDP 9 > 49153
0	1	168	 UDP 49153 > 9
1	2	168.001	 UDP 49153 > 9
2	5	168.002	 UDP 49153 > 9
5	2	168.003	 UDP 9 > 49153
2	1	168.004	 UDP 9 > 49153
1	0	168.005	 UDP 9 > 49153
1	0	168.31	 UDP 520 > 520
1	4	168.31	 UDP 520 > 520
1	2	168.31	 UDP 520 > 520
2	3	168.375	 UDP 520 > 520
2	5	168.375	 UDP 520 > 520
0	1	169	 UDP 49153 > 9
1	2	169.001	 UDP 49153 > 9
2	5	169.002	 UDP 49153 > 9
5	2	169.003	 UDP 9 > 49153
2	1	169.004	 UDP 9 > 49153
1	0	169.005	 UDP 9 > 49153
2	3	169.395	 UDP 520 > 520
2	5	169.395	 UDP 520 > 520
2	1	169.395	 UDP 520 > 520
0	1	170	 UDP 49153 > 9
1	2	170.001	 UDP 49153 > 9
2	5	170.002	 UDP 49153 > 9
5	2	170.003	 UDP 9 > 49153
2	1	170.004	 UDP 9 > 49153
1	0	170.005	 UDP 9 > 49153
0	1	171	 UDP 49153 > 9
1	2	171.001	 UDP 49153 > 9
2	5	171.002	 UDP 49153 > 9
5	2	171.003	 UDP 9 > 49153
2	1	171.004	 UDP 9 > 49153
1	0	171.005	 UDP 9 > 49153
0	1	171.373	 UDP 520 > 520
0	3	171.373	 UDP 520 > 520
0	1	172	 UDP 49153 > 9
1	2	172.001	 UDP 49153 > 9
2	5	172.002	 UDP 49153 > 9
5	2	172.003	 UDP 9 > 49153
2	1	172.004	 UDP 9 > 49153
1	0	172.005	 UDP 9 > 49153
5	2	172.91	 UDP 520 > 520
5	4	172.91	 UDP 520 > 520
0	1	173	 UDP 49153 > 9
1	2	173.001	 UDP 49153 > 9
2	5	173.002	 UDP 49153 > 9
5	2	173.003	 UDP 9 > 49153
2	1	173.004	 UDP 9 > 49153
1	0	173.005	 UDP 9 > 49153
3	0	173.426	 UDP 520 > 520
3	2	173.426	 UDP 520 > 520
3	4	173.426	 UDP 520 > 520
5	2	173.618	 UDP 520 > 520
5	4	173.618	 UDP 520 > 520
0	1	174	 UDP 49153 > 9
1	2	174.001	 UDP 49153 > 9
2	5	174.002	 UDP 49153 > 9
5	2	174.003	 UDP 9 > 49153
2	1	174.004	 UDP 9 > 49153
1	0	174.005	 UDP 9 > 49153
2	3	174.308	 UDP 520 > 520
2	5	174.308	 UDP 520 > 520
2	1	174.308	 UDP 520 > 520
0	1	174.687	 UDP 520 > 520
0	3	174.687	 UDP 520 > 520
0	1	175	 UDP 49153 > 9
4	1	175	 UDP 520 > 520
4	5	175	 UDP 520 > 520
4	3	175	 UDP 520 > 520
1	2	175.001	 UDP 49153 > 9
2	5	175.002	 UDP 49153 > 9
5	2	175.003	 UDP 9 > 49153
2	1	175.004	 UDP 9 > 49153
1	0	175.005	 UDP 9 > 49153
0	1	176	 UDP 49153 > 9
1	2	176.001	 UDP 49153 > 9
2	5	176.002	 UDP 49153 > 9
5	2	176.003	 UDP 9 > 49153
2	1	176.004	 UDP 9 > 49153
1	0	176.005	 UDP 9 > 49153
3	0	176.021	 UDP 520 > 520
3	2	176.021	 UDP 520 > 520
3	4	176.021	 UDP 520 > 520
1	0	176.402	 UDP 520 > 520
1	4	176.402	 UDP 520 > 520
1	2	176.402	 UDP 520 > 520
4	1	176.913	 UDP 520 > 520
4	5	176.913	 UDP 520 > 520
4	3	176.913	 UDP 520 > 520
0	1	177	 UDP 49153 > 9
1	2	177.001	 UDP 49153 > 9
2	5	177.002	 UDP 49153 > 9
5	2	177.003	 UDP 9 > 49153
2	1	177.004	 UDP 9 > 49153
1	0	177.005	 UDP 9 > 49153
0	1	178	 UDP 49153 > 9
1	2	178.001	 UDP 49153 > 9
2	5	178.002	 UDP 49153 > 9
5	2	178.003	 UDP 9 > 49153
2	1	178.004	 UDP 9 > 49153
1	0	178.005	 UDP 9 > 49153
2	3	178.373	 UDP 520 > 520
2	5	178.373	 UDP 520 > 520
2	1	178.373	 UDP 520 > 520
5	2	178.893	 UDP 520 > 520
5	4	178.893	 UDP 520 > 520
0	1	179	 UDP 49153 > 9
1	2	179.001	 UDP 49153 > 9
2	5	179.002	 UDP 49153 > 9
5	2	179.003	 UDP 9 > 49153
2	1	179.004	 UDP 9 > 49153
1	0	179.005	 UDP 9 > 49153
4	1	179.957	 UDP 520 > 520
4	5	179.957	 UDP 520 > 520
4	3	179.957	 UDP 520 > 520
